23907 2015-01-01 2.423 -98.08 30.62 2.2 -0.6 0.8 0.9 6.2 1.47C 3.7 1.1 2.5 99.9 85.4 97.2 0.369 0.308 -99.000 -99.000 -99.000 7.0 8.1 -9999.0 -9999.0 -9999.0
23907 2015-01-02 2.423 -98.08 30.62 3.5 1.3 2.4 2.2 9.0 1.43C 4.9 2.3 3.1 100.0 98.8 99.8 0.391 0.327 -99.000 -99.000 -99.000 7.1 7.9 -9999.0 -9999.0 -9999.0
23907 2015-01-03 2.423 -98.08 30.62 15.9 2.3 9.1 7.5 2.9 11.00C 16.4 2.9 7.3 100.0 34.8 73.7 0.450 0.397 -99.000 -99.000 -99.000 7.6 7.9 -9999.0 -9999.0 -9999.0
23907 2015-01-04 2.423 -98.08 30.62 9.2 -1.3 3.9 4.2 0.0 13.24C 12.4 -0.5 4.9 82.0 40.6 61.7 0.414 0.352 -99.000 -99.000 -99.000 7.3 7.9 -9999.0 -9999.0 -9999.0
23907 2015-01-05 2.423 -98.08 30.62 10.9 -3.7 3.6 2.6 0.0 13.37C 14.7 -3.0 3.8 77.9 33.3 57.4 0.399 0.340 -99.000 -99.000 -99.000 6.3 7.0 -9999.0 -9999.0 -9999.0
23907 2015-01-06 2.423 -98.08 30.62 20.2 2.9 11.6 10.9 0.0 12.90C 22.0 1.6 9.9 67.7 30.2 49.3 0.395 0.335 -99.000 -99.000 -99.000 8.0 8.0 -9999.0 -9999.0 -9999.0
23907 2015-01-07 2.423 -98.08 30.62 10.9 -3.4 3.8 4.5 0.0 12.68C 12.4 -2.1 5.5 82.7 36.5 55.7 0.387 0.328 -99.000 -99.000 -99.000 7.6 8.3 -9999.0 -9999.0 -9999.0
23907 2015-01-08 2.423 -98.08 30.62 0.6 -7.9 -3.6 -3.3 0.0 4.98C 3.9 -4.8 -0.5 57.7 37.6 48.1 0.372 0.316 -99.000 -99.000 -99.000 4.7 6.1 -9999.0 -9999.0 -9999.0
23907 2015-01-09 2.423 -98.08 30.62 2.0 0.1 1.0 0.8 0.0 2.52C 4.1 1.2 2.5 87.8 48.9 64.4 0.368 0.312 -99.000 -99.000 -99.000 5.4 6.2 -9999.0 -9999.0 -9999.0
23907 2015-01-10 2.423 -98.08 30.62 0.5 -2.0 -0.8 -0.6 3.3 2.11C 2.5 -0.1 1.4 99.9 47.7 85.8 0.373 0.314 -99.000 -99.000 -99.000 5.1 6.0 -9999.0 -9999.0 -9999.0
23907 2015-01-11 2.423 -98.08 30.62 10.9 0.0 5.4 4.4 2.9 6.38C 12.7 1.3 5.8 100.0 77.8 97.1 0.420 0.362 -99.000 -99.000 -99.000 6.5 6.7 -9999.0 -9999.0 -9999.0
23907 2015-01-12 2.423 -98.08 30.62 6.5 1.4 4.0 4.3 0.0 1.55C 6.9 2.7 5.1 100.0 89.4 97.8 0.412 0.350 -99.000 -99.000 -99.000 7.3 7.5 -9999.0 -9999.0 -9999.0
23907 2015-01-13 2.423 -98.08 30.62 3.0 -0.7 1.1 1.2 0.0 3.26C 5.6 0.7 2.9 99.7 80.7 90.7 0.401 0.337 -99.000 -99.000 -99.000 6.1 6.8 -9999.0 -9999.0 -9999.0
23907 2015-01-14 2.423 -98.08 30.62 2.9 0.9 1.9 1.8 0.0 1.88C 4.7 2.0 3.1 99.6 90.8 97.9 0.395 0.331 -99.000 -99.000 -99.000 6.1 6.7 -9999.0 -9999.0 -9999.0
23907 2015-01-15 2.423 -98.08 30.62 13.2 1.2 7.2 6.4 0.0 13.37C 16.4 1.4 6.7 98.9 46.7 73.4 0.395 0.333 -99.000 -99.000 -99.000 6.7 7.0 -9999.0 -9999.0 -9999.0
23907 2015-01-16 2.423 -98.08 30.62 16.7 3.5 10.1 9.9 0.0 13.68C 19.2 1.3 8.7 80.2 38.1 58.2 0.391 0.330 -99.000 -99.000 -99.000 7.3 7.4 -9999.0 -9999.0 -9999.0
23907 2015-01-17 2.423 -98.08 30.62 19.5 5.0 12.2 12.3 0.0 10.96C 20.9 3.3 10.6 87.7 30.4 55.7 0.388 0.327 -99.000 -99.000 -99.000 8.7 8.4 -9999.0 -9999.0 -9999.0
23907 2015-01-18 2.423 -98.08 30.62 20.9 7.6 14.3 13.7 0.0 15.03C 23.4 3.5 11.9 45.9 14.6 31.4 0.383 0.325 -99.000 -99.000 -99.000 9.5 9.2 -9999.0 -9999.0 -9999.0
23907 2015-01-19 2.423 -98.08 30.62 23.9 6.7 15.3 14.3 0.0 14.10C 25.6 3.8 12.6 65.3 26.8 45.6 0.376 0.321 -99.000 -99.000 -99.000 9.9 9.5 -9999.0 -9999.0 -9999.0
23907 2015-01-20 2.423 -98.08 30.62 26.0 9.5 17.8 15.9 0.0 14.57C 27.9 6.5 14.5 88.4 16.1 50.2 0.373 0.320 -99.000 -99.000 -99.000 10.9 10.4 -9999.0 -9999.0 -9999.0
23907 2015-01-21 2.423 -98.08 30.62 11.0 6.9 8.9 8.9 1.7 2.71C 13.1 6.8 9.7 99.2 68.0 88.1 0.369 0.317 -99.000 -99.000 -99.000 10.7 10.6 -9999.0 -9999.0 -9999.0
23907 2015-01-22 2.423 -98.08 30.62 8.6 3.5 6.1 5.6 39.6 1.28C 9.1 4.1 6.3 99.6 95.2 98.0 0.546 0.418 -99.000 -99.000 -99.000 9.0 9.3 -9999.0 -9999.0 -9999.0
23907 2015-01-23 2.423 -98.08 30.62 9.4 2.2 5.8 4.2 7.4 6.58C 11.1 2.0 4.8 98.4 58.8 86.5 0.554 0.409 -99.000 -99.000 -99.000 7.6 8.1 -9999.0 -9999.0 -9999.0
23907 2015-01-24 2.423 -98.08 30.62 16.0 1.4 8.7 8.0 0.0 14.26C 18.8 0.4 7.7 92.0 33.0 63.0 0.494 0.381 -99.000 -99.000 -99.000 7.7 7.9 -9999.0 -9999.0 -9999.0
23907 2015-01-25 2.423 -98.08 30.62 20.2 6.4 13.3 12.7 0.0 14.99C 22.0 4.4 11.0 69.2 18.9 43.8 0.456 0.357 -99.000 -99.000 -99.000 9.1 8.9 -9999.0 -9999.0 -9999.0
23907 2015-01-26 2.423 -98.08 30.62 21.5 7.2 14.4 14.1 0.0 12.01C 22.9 5.5 12.2 56.8 23.7 40.6 0.433 0.349 -99.000 -99.000 -99.000 10.0 9.7 -9999.0 -9999.0 -9999.0
23907 2015-01-27 2.423 -98.08 30.62 26.5 10.7 18.6 17.5 0.0 15.18C 28.9 8.1 15.5 52.2 21.4 38.8 0.420 0.344 -99.000 -99.000 -99.000 11.4 10.8 -9999.0 -9999.0 -9999.0
23907 2015-01-28 2.423 -98.08 30.62 26.3 13.3 19.8 19.1 0.0 15.11C 28.1 7.9 16.3 54.9 19.4 35.5 0.410 0.339 -99.000 -99.000 -99.000 12.1 11.5 -9999.0 -9999.0 -9999.0
23907 2015-01-29 2.423 -98.08 30.62 23.1 9.8 16.5 16.4 0.0 13.74C 27.4 9.7 16.4 87.0 34.2 55.6 0.402 0.334 -99.000 -99.000 -99.000 13.1 12.4 -9999.0 -9999.0 -9999.0
23907 2015-01-30 2.423 -98.08 30.62 13.0 6.9 10.0 9.0 0.0 7.19C 19.2 8.3 11.0 67.6 48.4 58.8 0.389 0.328 -99.000 -99.000 -99.000 11.6 11.8 -9999.0 -9999.0 -9999.0
23907 2015-01-31 2.423 -98.08 30.62 15.1 7.4 11.3 10.2 8.5 1.18C 14.5 8.4 10.7 100.0 63.1 90.3 0.401 0.337 -99.000 -99.000 -99.000 11.2 11.3 -9999.0 -9999.0 -9999.0
23907 2015-02-01 2.423 -98.08 30.62 18.3 3.9 11.1 13.3 0.0 8.69C 22.1 4.1 13.8 98.8 53.6 79.1 0.450 0.386 -99.000 -99.000 -99.000 12.9 12.6 -9999.0 -9999.0 -9999.0
23907 2015-02-02 2.423 -98.08 30.62 8.0 -1.9 3.1 3.3 0.0 12.48C 15.2 -0.6 5.8 69.4 34.8 54.2 0.420 0.354 -99.000 -99.000 -99.000 9.3 10.1 -9999.0 -9999.0 -9999.0
23907 2015-02-03 2.423 -98.08 30.62 5.3 2.3 3.8 3.8 0.7 2.69C 8.3 3.9 5.7 100.0 65.1 82.6 0.409 0.343 -99.000 -99.000 -99.000 8.7 9.3 -9999.0 -9999.0 -9999.0
23907 2015-02-04 2.423 -98.08 30.62 11.8 4.3 8.1 7.9 0.0 4.41C 13.8 5.5 8.8 100.0 80.6 94.1 0.410 0.344 -99.000 -99.000 -99.000 9.6 9.8 -9999.0 -9999.0 -9999.0
23907 2015-02-05 2.423 -98.08 30.62 9.4 0.7 5.0 3.1 0.0 4.90C 9.3 2.8 5.6 97.3 68.8 81.4 0.402 0.336 -99.000 -99.000 -99.000 8.6 9.3 -9999.0 -9999.0 -9999.0
23907 2015-02-06 2.423 -98.08 30.62 15.3 0.8 8.0 7.4 0.0 14.67C 20.9 1.8 9.3 95.9 50.7 75.9 0.396 0.331 -99.000 -99.000 -99.000 9.1 9.2 -9999.0 -9999.0 -9999.0
23907 2015-02-07 2.423 -98.08 30.62 19.8 5.9 12.8 12.0 0.2 16.75C 23.8 4.8 12.0 96.8 48.6 76.2 0.393 0.329 -99.000 -99.000 -99.000 10.5 10.2 -9999.0 -9999.0 -9999.0
23907 2015-02-08 2.423 -98.08 30.62 26.3 12.3 19.3 17.7 0.0 16.54C 29.8 10.8 17.3 96.6 25.4 65.2 0.393 0.332 -99.000 -99.000 -99.000 13.0 12.2 -9999.0 -9999.0 -9999.0
23907 2015-02-09 2.423 -98.08 30.62 26.6 13.6 20.1 19.3 0.0 16.90C 31.1 10.3 17.8 64.6 19.7 40.0 0.388 0.329 -99.000 -99.000 -99.000 13.5 12.9 -9999.0 -9999.0 -9999.0
23907 2015-02-10 2.423 -98.08 30.62 26.0 12.7 19.4 18.7 0.0 17.09C 30.3 9.5 17.6 61.3 26.5 40.1 0.381 0.325 -99.000 -99.000 -99.000 13.6 13.0 -9999.0 -9999.0 -9999.0
23907 2015-02-11 2.423 -98.08 30.62 23.0 10.6 16.8 16.3 0.0 16.50C 29.2 8.1 16.8 77.6 29.9 55.8 0.375 0.323 -99.000 -99.000 -99.000 14.0 13.5 -9999.0 -9999.0 -9999.0
23907 2015-02-12 2.423 -98.08 30.62 14.8 5.6 10.2 9.4 0.0 12.60C 22.8 6.8 11.9 71.2 32.3 52.2 0.363 0.317 -99.000 -99.000 -99.000 12.3 12.7 -9999.0 -9999.0 -9999.0
23907 2015-02-13 2.423 -98.08 30.62 18.9 4.7 11.8 11.5 0.0 12.25C 26.3 4.5 12.3 65.6 37.7 50.7 0.356 0.310 -99.000 -99.000 -99.000 11.4 11.7 -9999.0 -9999.0 -9999.0
23907 2015-02-14 2.423 -98.08 30.62 24.3 10.8 17.5 16.7 0.0 16.94C 31.3 8.8 17.1 77.8 29.3 56.9 0.354 0.310 -99.000 -99.000 -99.000 13.3 12.8 -9999.0 -9999.0 -9999.0
23907 2015-02-15 2.423 -98.08 30.62 20.2 13.3 16.8 15.9 0.0 5.79C 23.9 12.8 16.2 96.0 65.3 83.9 0.353 0.312 -99.000 -99.000 -99.000 14.5 13.9 -9999.0 -9999.0 -9999.0
23907 2015-02-16 2.423 -98.08 30.62 17.6 0.0 8.8 5.0 0.7 4.87C 17.1 2.5 7.4 98.3 66.4 83.8 0.345 0.306 -99.000 -99.000 -99.000 11.9 12.8 -9999.0 -9999.0 -9999.0
23907 2015-02-17 2.423 -98.08 30.62 11.2 -0.4 5.4 4.3 0.0 13.36C 18.6 1.3 6.8 80.6 36.6 57.9 0.337 0.298 -99.000 -99.000 -99.000 9.3 10.3 -9999.0 -9999.0 -9999.0
23907 2015-02-18 2.423 -98.08 30.62 17.2 -0.4 8.4 9.1 0.0 18.48C 25.1 0.5 10.1 80.9 21.1 46.1 0.334 0.294 -99.000 -99.000 -99.000 9.5 10.0 -9999.0 -9999.0 -9999.0
23907 2015-02-19 2.423 -98.08 30.62 19.2 5.7 12.4 12.3 0.0 17.70C 26.0 4.1 13.2 79.1 35.7 56.9 0.333 0.295 -99.000 -99.000 -99.000 11.1 11.0 -9999.0 -9999.0 -9999.0
23907 2015-02-20 2.423 -98.08 30.62 22.0 11.9 16.9 16.7 0.0 8.41C 25.9 10.7 16.7 85.5 55.7 76.5 0.336 0.298 -99.000 -99.000 -99.000 13.6 12.9 -9999.0 -9999.0 -9999.0
23907 2015-02-21 2.423 -98.08 30.62 22.9 9.3 16.1 17.2 0.0 11.83C 31.1 10.6 18.9 86.5 51.1 74.3 0.336 0.302 -99.000 -99.000 -99.000 15.6 14.7 -9999.0 -9999.0 -9999.0
23907 2015-02-22 2.423 -98.08 30.62 10.7 0.1 5.4 7.3 1.6 1.85C 12.7 2.2 9.2 100.0 76.7 91.8 0.327 0.296 -99.000 -99.000 -99.000 12.7 13.3 -9999.0 -9999.0 -9999.0
23907 2015-02-23 2.423 -98.08 30.62 0.1 -3.5 -1.7 -2.2 0.3 2.37C 2.2 -1.2 0.1 99.3 95.1 97.2 0.317 0.286 -99.000 -99.000 -99.000 8.0 9.8 -9999.0 -9999.0 -9999.0
23907 2015-02-24 2.423 -98.08 30.62 0.7 -3.4 -1.4 -1.5 0.0 3.98C 4.9 -1.3 1.2 99.9 93.6 97.2 0.316 0.282 -99.000 -99.000 -99.000 6.8 8.1 -9999.0 -9999.0 -9999.0
23907 2015-02-25 2.423 -98.08 30.62 15.4 0.1 7.7 6.4 0.0 17.04C 19.8 1.7 8.0 99.9 30.3 70.4 0.330 0.285 -99.000 -99.000 -99.000 8.3 8.7 -9999.0 -9999.0 -9999.0
23907 2015-02-26 2.423 -98.08 30.62 6.0 0.0 3.0 2.9 0.0 6.77C 9.8 1.9 4.2 88.0 58.1 75.5 0.331 0.285 -99.000 -99.000 -99.000 7.6 8.5 -9999.0 -9999.0 -9999.0
23907 2015-02-27 2.423 -98.08 30.62 0.0 -2.7 -1.3 -1.4 0.0 2.56C 2.9 -0.9 1.0 99.1 57.5 77.6 0.324 0.280 -99.000 -99.000 -99.000 6.1 7.3 -9999.0 -9999.0 -9999.0
23907 2015-02-28 2.423 -98.08 30.62 0.0 -3.1 -1.6 -1.5 1.5 1.93C 1.7 -1.2 0.2 99.9 96.4 98.8 0.323 0.279 -99.000 -99.000 -99.000 5.3 6.5 -9999.0 -9999.0 -9999.0
23907 2015-03-01 2.423 -98.08 30.62 4.5 -0.2 2.1 1.9 3.9 3.44C 6.4 0.7 3.0 100.0 99.5 99.9 0.370 0.307 -99.000 -99.000 -99.000 5.8 6.5 -9999.0 -9999.0 -9999.0
23907 2015-03-02 2.423 -98.08 30.62 4.9 1.5 3.2 3.1 2.0 3.68C 7.5 2.2 4.3 100.0 97.7 99.7 0.394 0.327 -99.000 -99.000 -99.000 6.5 6.9 -9999.0 -9999.0 -9999.0
23907 2015-03-06 2.423 -98.08 30.62 12.9 -3.2 4.8 4.1 0.0 22.65C 22.9 -2.6 7.4 68.0 28.6 49.4 0.418 0.348 -99.000 -99.000 -99.000 6.7 7.1 -9999.0 -9999.0 -9999.0
23907 2015-03-07 2.423 -98.08 30.62 13.7 4.4 9.0 8.7 0.0 8.80C 20.1 3.9 10.8 59.9 29.7 46.1 0.410 0.342 -99.000 -99.000 -99.000 8.4 8.3 -9999.0 -9999.0 -9999.0
23907 2015-03-08 2.423 -98.08 30.62 10.4 6.8 8.6 8.8 1.8 2.00C 11.9 8.2 10.0 100.0 51.9 94.7 0.412 0.345 -99.000 -99.000 -99.000 9.5 9.3 -9999.0 -9999.0 -9999.0
23907 2015-03-09 2.423 -98.08 30.62 11.3 8.1 9.7 9.4 39.0 2.35C 13.2 8.9 10.3 100.0 95.9 99.2 0.572 0.427 -99.000 -99.000 -99.000 9.9 9.7 -9999.0 -9999.0 -9999.0
23907 2015-03-10 2.423 -98.08 30.62 15.0 8.4 11.7 11.6 0.0 8.06C 18.6 7.6 12.7 99.8 66.5 85.3 0.520 0.393 -99.000 -99.000 -99.000 10.8 10.5 -9999.0 -9999.0 -9999.0
23907 2015-03-11 2.423 -98.08 30.62 15.1 10.3 12.7 11.8 0.0 4.78C 17.5 10.2 12.6 91.3 70.4 84.1 0.474 0.373 -99.000 -99.000 -99.000 11.4 11.1 -9999.0 -9999.0 -9999.0
23907 2015-03-12 2.423 -98.08 30.62 22.6 9.4 16.0 14.7 0.0 19.57C 29.5 8.3 16.3 95.4 44.8 75.5 0.454 0.363 -99.000 -99.000 -99.000 12.6 12.0 -9999.0 -9999.0 -9999.0
23907 2015-03-13 2.423 -98.08 30.62 23.4 10.4 16.9 16.3 0.0 17.64C 30.6 10.2 17.6 100.0 35.4 68.8 0.438 0.357 -99.000 -99.000 -99.000 13.7 13.0 -9999.0 -9999.0 -9999.0
23907 2015-03-14 2.423 -98.08 30.62 23.5 11.0 17.2 16.3 0.0 20.38C 32.1 10.5 18.1 92.0 33.0 62.5 0.424 0.348 -99.000 -99.000 -99.000 14.2 13.6 -9999.0 -9999.0 -9999.0
23907 2015-03-15 2.423 -98.08 30.62 18.8 9.5 14.1 13.9 0.0 13.34C 29.6 9.4 16.1 91.7 59.5 76.2 0.411 0.340 -99.000 -99.000 -99.000 13.9 13.5 -9999.0 -9999.0 -9999.0
23907 2015-03-16 2.423 -98.08 30.62 24.7 11.1 17.9 17.3 0.0 13.97C 31.7 9.9 18.9 95.7 44.1 74.7 0.404 0.336 -99.000 -99.000 -99.000 14.7 14.0 -9999.0 -9999.0 -9999.0
23907 2015-03-17 2.423 -98.08 30.62 23.2 16.2 19.7 18.7 0.0 7.08C 29.4 16.7 20.0 98.1 66.7 87.1 0.401 0.338 -99.000 -99.000 -99.000 16.5 15.6 -9999.0 -9999.0 -9999.0
23907 2015-03-18 2.423 -98.08 30.62 25.4 15.0 20.2 19.4 0.5 16.96C 35.4 15.2 22.0 99.2 51.3 79.1 0.398 0.339 -99.000 -99.000 -99.000 17.4 16.5 -9999.0 -9999.0 -9999.0
23907 2015-03-19 2.423 -98.08 30.62 26.6 16.3 21.4 20.5 0.0 13.17C 37.3 16.5 22.6 99.4 52.9 81.2 0.394 0.340 -99.000 -99.000 -99.000 18.3 17.3 -9999.0 -9999.0 -9999.0
23907 2015-03-20 2.423 -98.08 30.62 19.6 12.2 15.9 15.8 9.4 2.77C 20.0 13.7 17.3 99.5 89.2 96.6 0.417 0.359 -99.000 -99.000 -99.000 17.3 17.0 -9999.0 -9999.0 -9999.0
23907 2015-03-21 2.423 -98.08 30.62 14.2 11.5 12.8 12.7 20.6 2.86C 16.9 12.5 14.1 100.0 95.0 98.6 0.563 0.444 -99.000 -99.000 -99.000 15.1 15.1 -9999.0 -9999.0 -9999.0
23907 2015-03-22 2.423 -98.08 30.62 22.5 12.9 17.7 16.5 0.0 20.84C 32.0 12.9 19.5 100.0 54.0 81.5 0.522 0.411 -99.000 -99.000 -99.000 16.2 15.8 -9999.0 -9999.0 -9999.0
23907 2015-03-23 2.423 -98.08 30.62 27.2 11.7 19.4 18.6 0.0 23.99C 36.0 10.9 21.2 100.0 33.3 73.4 0.472 0.385 -99.000 -99.000 -99.000 17.0 16.4 -9999.0 -9999.0 -9999.0
23907 2015-03-24 2.423 -98.08 30.62 29.1 15.0 22.0 21.1 0.0 23.74C 36.3 14.2 23.1 97.1 36.2 69.3 0.450 0.377 -99.000 -99.000 -99.000 18.5 17.7 -9999.0 -9999.0 -9999.0
23907 2015-03-25 2.423 -98.08 30.62 28.8 14.2 21.5 20.4 0.0 22.86C 38.6 14.2 23.4 99.2 37.0 71.9 0.432 0.367 -99.000 -99.000 -99.000 19.1 18.4 -9999.0 -9999.0 -9999.0
23907 2015-03-26 2.423 -98.08 30.62 19.1 10.2 14.6 14.2 0.0 20.72C 30.2 10.8 18.4 91.6 28.3 58.1 0.412 0.353 -99.000 -99.000 -99.000 16.9 17.3 -9999.0 -9999.0 -9999.0
23907 2015-03-27 2.423 -98.08 30.62 25.6 7.3 16.5 16.9 0.0 25.07C 36.8 7.8 19.6 63.3 17.5 36.6 0.394 0.336 -99.000 -99.000 -99.000 15.8 15.9 -9999.0 -9999.0 -9999.0
23907 2015-03-28 2.423 -98.08 30.62 28.6 11.0 19.8 20.0 0.0 25.15C 38.8 10.3 22.0 67.7 17.9 38.2 0.381 0.329 -99.000 -99.000 -99.000 16.8 16.5 -9999.0 -9999.0 -9999.0
23907 2015-03-29 2.423 -98.08 30.62 28.3 13.9 21.1 20.7 0.0 25.00C 39.0 12.9 23.4 87.6 31.2 57.4 0.368 0.323 -99.000 -99.000 -99.000 18.2 17.6 -9999.0 -9999.0 -9999.0
23907 2015-03-30 2.423 -98.08 30.62 25.4 16.8 21.1 20.1 0.0 15.51C 37.0 17.2 23.7 93.5 58.4 78.9 0.359 0.319 -99.000 -99.000 -99.000 19.5 18.7 -9999.0 -9999.0 -9999.0
23907 2015-03-31 2.423 -98.08 30.62 27.1 17.9 22.5 21.1 0.0 22.51C 40.8 18.8 25.7 95.2 45.4 73.6 0.350 0.315 -99.000 -99.000 -99.000 20.2 19.5 -9999.0 -9999.0 -9999.0
23907 2015-04-01 2.423 -98.08 30.62 26.4 18.5 22.5 21.5 0.0 14.56C 36.6 18.5 24.4 94.2 47.7 76.8 0.341 0.309 -99.000 -99.000 -99.000 20.5 19.9 -9999.0 -9999.0 -9999.0
23907 2015-04-02 2.423 -98.08 30.62 28.5 19.1 23.8 22.4 0.0 18.31C 41.0 20.2 26.1 97.7 54.5 81.0 0.333 0.306 -99.000 -99.000 -99.000 21.3 20.5 -9999.0 -9999.0 -9999.0
23907 2015-04-03 2.423 -98.08 30.62 28.6 16.6 22.6 21.4 0.0 17.15C 42.0 19.6 25.8 92.7 42.8 65.8 0.323 0.300 -99.000 -99.000 -99.000 21.1 20.6 -9999.0 -9999.0 -9999.0
23907 2015-04-04 2.423 -98.08 30.62 19.1 9.4 14.2 14.7 1.6 11.83C 27.5 12.2 18.9 80.7 43.1 56.6 0.311 0.284 -99.000 -99.000 -99.000 18.1 18.6 -9999.0 -9999.0 -9999.0
23907 2015-04-05 2.423 -98.08 30.62 18.3 13.6 15.9 15.5 0.6 3.61C 20.5 15.9 17.5 99.9 62.7 90.8 0.307 0.280 -99.000 -99.000 -99.000 17.8 18.0 -9999.0 -9999.0 -9999.0
23907 2015-04-06 2.423 -98.08 30.62 28.5 17.6 23.0 22.4 0.0 22.85C 38.4 17.5 25.2 99.7 49.1 74.3 0.308 0.281 -99.000 -99.000 -99.000 20.2 19.4 -9999.0 -9999.0 -9999.0
23907 2015-04-07 2.423 -98.08 30.62 29.9 18.4 24.1 23.0 0.0 16.84C 39.4 18.4 25.8 93.7 44.6 73.6 0.303 0.279 -99.000 -99.000 -99.000 21.3 20.6 -9999.0 -9999.0 -9999.0
23907 2015-04-08 2.423 -98.08 30.62 24.1 18.5 21.3 21.1 0.0 5.13C 26.9 18.9 21.9 94.7 73.6 84.1 0.295 0.276 -99.000 -99.000 -99.000 20.8 20.4 -9999.0 -9999.0 -9999.0
23907 2015-04-09 2.423 -98.08 30.62 28.9 17.7 23.3 23.0 1.1 14.54C 38.9 18.2 24.7 92.7 54.5 75.3 0.290 0.273 -99.000 -99.000 -99.000 21.3 20.6 -9999.0 -9999.0 -9999.0
23907 2015-04-10 2.423 -98.08 30.62 23.4 12.0 17.7 16.9 1.9 15.88C 32.1 14.7 19.8 90.9 34.6 63.5 0.283 0.267 -99.000 -99.000 -99.000 19.4 19.6 -9999.0 -9999.0 -9999.0
23907 2015-04-11 2.423 -98.08 30.62 19.8 13.3 16.6 16.5 0.0 4.37C 23.0 15.2 18.9 99.9 81.8 93.3 0.281 0.265 -99.000 -99.000 -99.000 18.7 18.8 -9999.0 -9999.0 -9999.0
23907 2015-04-12 2.423 -98.08 30.62 25.6 18.1 21.8 20.8 0.0 9.59C 33.3 18.6 22.3 99.8 64.7 88.0 0.283 0.266 -99.000 -99.000 -99.000 20.2 19.7 -9999.0 -9999.0 -9999.0
23907 2015-04-13 2.423 -98.08 30.62 29.3 16.5 22.9 22.5 0.3 24.61C 41.2 18.3 26.3 99.7 28.3 67.9 0.281 0.265 -99.000 -99.000 -99.000 21.3 20.7 -9999.0 -9999.0 -9999.0
23907 2015-04-14 2.423 -98.08 30.62 21.6 11.0 16.3 16.0 0.0 21.82C 39.3 14.9 22.5 96.1 48.9 72.8 0.270 0.259 -99.000 -99.000 -99.000 19.9 19.9 -9999.0 -9999.0 -9999.0
23907 2015-04-15 2.423 -98.08 30.62 27.4 10.7 19.0 18.9 0.0 24.17C 42.5 12.3 24.7 92.6 42.0 67.2 0.260 0.251 -99.000 -99.000 -99.000 19.8 19.5 -9999.0 -9999.0 -9999.0
23907 2015-04-16 2.423 -98.08 30.62 24.4 17.9 21.1 20.6 0.0 11.78C 31.8 19.1 23.4 96.7 64.0 84.7 0.254 0.252 -99.000 -99.000 -99.000 20.9 20.5 -9999.0 -9999.0 -9999.0
23907 2015-04-17 2.423 -98.08 30.62 21.0 16.5 18.8 18.6 9.2 3.20C 24.7 16.7 20.2 99.2 78.1 89.6 0.279 0.267 -99.000 -99.000 -99.000 20.1 20.0 -9999.0 -9999.0 -9999.0
23907 2015-04-18 2.423 -98.08 30.62 24.9 12.7 18.8 18.2 14.4 13.11C 33.9 14.7 20.9 98.7 60.9 87.0 0.396 0.352 -99.000 -99.000 -99.000 19.7 19.6 -9999.0 -9999.0 -9999.0
23907 2015-04-19 2.423 -98.08 30.62 28.6 12.5 20.6 21.0 0.0 26.42C 37.6 14.3 23.7 99.7 21.3 61.7 0.433 0.393 -99.000 -99.000 -99.000 19.9 19.7 -9999.0 -9999.0 -9999.0
23907 2015-04-20 2.423 -98.08 30.62 21.6 9.4 15.5 15.8 0.0 22.28C 32.5 10.8 20.1 68.7 30.5 50.1 0.396 0.353 -99.000 -99.000 -99.000 18.5 18.8 -9999.0 -9999.0 -9999.0
23907 2015-04-21 2.423 -98.08 30.62 26.0 11.6 18.8 19.0 0.0 23.06C 37.8 12.2 23.1 86.2 41.9 58.5 0.374 0.335 -99.000 -99.000 -99.000 18.8 18.7 -9999.0 -9999.0 -9999.0
23907 2015-04-22 2.423 -98.08 30.62 25.3 17.6 21.4 20.8 0.0 12.08C 35.5 18.6 24.3 95.5 64.6 83.9 0.361 0.329 -99.000 -99.000 -99.000 20.7 20.2 -9999.0 -9999.0 -9999.0
23907 2015-04-23 2.423 -98.08 30.62 29.7 19.4 24.6 22.6 0.2 13.51C 37.6 20.6 25.5 99.9 55.6 84.3 0.350 0.324 -99.000 -99.000 -99.000 21.8 21.1 -9999.0 -9999.0 -9999.0
23907 2015-04-24 2.423 -98.08 30.62 26.6 19.8 23.2 23.1 10.4 9.70C 30.7 20.6 24.4 99.5 74.7 89.2 0.415 0.380 -99.000 -99.000 -99.000 22.2 21.7 -9999.0 -9999.0 -9999.0
23907 2015-04-25 2.423 -98.08 30.62 30.8 20.5 25.7 25.2 0.0 27.38C 39.9 20.0 27.5 99.7 19.6 57.8 0.414 0.373 -99.000 -99.000 -99.000 22.5 22.0 -9999.0 -9999.0 -9999.0
23907 2015-04-26 2.423 -98.08 30.62 29.7 20.0 24.9 23.8 0.9 21.27C 40.6 20.0 27.7 97.8 39.7 77.6 0.384 0.351 -99.000 -99.000 -99.000 22.9 22.3 -9999.0 -9999.0 -9999.0
23907 2015-04-27 2.423 -98.08 30.62 26.7 15.4 21.0 20.1 14.1 25.75C 37.9 17.1 25.1 98.8 38.4 73.0 0.463 0.417 -99.000 -99.000 -99.000 21.9 21.8 -9999.0 -9999.0 -9999.0
23907 2015-04-28 2.423 -98.08 30.62 15.7 9.1 12.4 12.8 0.2 5.58C 19.2 10.5 16.3 97.5 72.4 84.6 0.420 0.371 -99.000 -99.000 -99.000 18.9 19.8 -9999.0 -9999.0 -9999.0
23907 2015-04-29 2.423 -98.08 30.62 22.8 8.0 15.4 15.7 0.0 28.85C 35.2 8.7 19.9 93.7 31.1 58.5 0.397 0.347 -99.000 -99.000 -99.000 18.1 18.5 -9999.0 -9999.0 -9999.0
23907 2015-04-30 2.423 -98.08 30.62 26.3 12.4 19.3 19.4 0.0 28.72C 40.4 11.3 23.5 66.4 28.8 46.5 0.370 0.329 -99.000 -99.000 -99.000 18.8 18.8 -9999.0 -9999.0 -9999.0
23907 2015-05-01 2.423 -98.08 30.62 27.5 14.9 21.2 20.6 0.0 27.64C 44.9 14.0 25.8 64.8 30.9 49.6 0.344 0.312 -99.000 -99.000 -99.000 19.8 19.6 -9999.0 -9999.0 -9999.0
23907 2015-05-02 2.423 -98.08 30.62 27.4 14.6 21.0 20.6 0.0 28.07C 43.1 15.0 26.4 74.6 33.5 54.2 0.317 0.293 -99.000 -99.000 -99.000 20.5 20.2 -9999.0 -9999.0 -9999.0
23907 2015-05-03 2.423 -98.08 30.62 27.4 14.3 20.8 20.8 0.0 24.91C 41.5 15.7 26.1 90.8 36.3 66.4 0.296 0.278 -99.000 -99.000 -99.000 21.0 20.6 -9999.0 -9999.0 -9999.0
23907 2015-05-04 2.423 -98.08 30.62 27.8 18.1 22.9 22.0 0.0 18.83C 42.9 20.1 27.1 95.1 45.3 71.8 0.278 0.268 -99.000 -99.000 -99.000 22.1 21.6 -9999.0 -9999.0 -9999.0
23907 2015-05-05 2.423 -98.08 30.62 26.9 18.3 22.6 20.8 3.0 12.75C 38.6 19.8 24.3 99.1 52.3 82.3 0.263 0.261 -99.000 -99.000 -99.000 21.9 21.6 -9999.0 -9999.0 -9999.0
23907 2015-05-06 2.423 -98.08 30.62 28.9 19.9 24.4 23.1 0.0 16.44C 36.2 20.6 25.5 98.5 54.9 81.5 0.259 0.261 -99.000 -99.000 -99.000 22.6 22.1 -9999.0 -9999.0 -9999.0
23907 2015-05-07 2.423 -98.08 30.62 27.3 20.8 24.1 23.2 0.0 13.13C 34.8 21.5 26.0 94.2 67.3 85.3 0.254 0.262 -99.000 -99.000 -99.000 23.1 22.5 -9999.0 -9999.0 -9999.0
23907 2015-05-08 2.423 -98.08 30.62 26.3 19.9 23.1 22.6 16.9 6.98C 31.5 20.8 24.0 97.7 76.9 92.5 0.329 0.329 -99.000 -99.000 -99.000 23.0 22.6 -9999.0 -9999.0 -9999.0
23907 2015-05-09 2.423 -98.08 30.62 28.4 20.8 24.6 23.9 0.4 12.92C 34.0 20.6 25.2 99.0 65.2 84.0 0.422 0.411 -99.000 -99.000 -99.000 23.0 22.6 -9999.0 -9999.0 -9999.0
23907 2015-05-10 2.423 -98.08 30.62 28.3 22.8 25.6 24.5 0.5 11.48C 34.3 22.7 25.7 91.2 59.0 79.9 0.402 0.394 -99.000 -99.000 -99.000 23.4 22.9 -9999.0 -9999.0 -9999.0
23907 2015-05-11 2.423 -98.08 30.62 23.4 17.4 20.4 19.7 23.7 7.79C 27.2 18.7 21.9 99.1 84.3 91.8 0.488 0.470 -99.000 -99.000 -99.000 22.1 22.1 -9999.0 -9999.0 -9999.0
23907 2015-05-12 2.423 -98.08 30.62 18.2 15.3 16.7 16.8 3.2 5.51C 22.3 17.0 18.8 99.6 86.3 96.7 0.466 0.446 -99.000 -99.000 -99.000 20.5 20.8 -9999.0 -9999.0 -9999.0
23907 2015-05-13 2.423 -98.08 30.62 19.1 16.7 17.9 17.8 30.1 2.32C 20.0 16.9 18.5 99.9 92.4 98.0 0.543 0.478 -99.000 -99.000 -99.000 19.9 20.1 -9999.0 -9999.0 -9999.0
23907 2015-05-14 2.423 -98.08 30.62 28.4 18.8 23.6 22.7 2.2 15.35C 34.8 18.5 24.4 99.4 62.5 87.5 0.540 0.467 -99.000 -99.000 -99.000 21.4 21.0 -9999.0 -9999.0 -9999.0
23907 2015-05-15 2.423 -98.08 30.62 24.3 18.5 21.4 20.5 13.2 11.73C 30.5 19.5 22.4 99.4 67.2 89.6 0.565 0.485 -99.000 -99.000 -99.000 21.6 21.4 -9999.0 -9999.0 -9999.0
23907 2015-05-16 2.423 -98.08 30.62 29.0 18.3 23.6 23.2 0.0 13.41C 34.2 19.9 24.8 98.8 62.4 84.7 0.516 0.453 -99.000 -99.000 -99.000 22.1 21.6 -9999.0 -9999.0 -9999.0
23907 2015-05-17 2.423 -98.08 30.62 28.1 18.1 23.1 22.4 24.4 14.86C 37.0 19.0 24.8 99.4 63.2 84.7 0.576 0.493 -99.000 -99.000 -99.000 22.3 21.9 -9999.0 -9999.0 -9999.0
23907 2015-05-18 2.423 -98.08 30.62 31.1 21.2 26.1 24.9 0.0 15.99C 40.3 21.6 27.6 99.4 58.1 82.9 0.512 0.456 -99.000 -99.000 -99.000 23.6 22.9 -9999.0 -9999.0 -9999.0
23907 2015-05-19 2.423 -98.08 30.62 29.2 21.7 25.4 24.4 1.4 16.28C 36.9 22.4 26.8 98.3 61.4 83.4 0.481 0.442 -99.000 -99.000 -99.000 23.9 23.4 -9999.0 -9999.0 -9999.0
23907 2015-05-20 2.423 -98.08 30.62 30.6 19.9 25.2 24.7 35.3 17.95C 40.2 20.8 28.0 98.0 48.1 78.5 0.463 0.432 -99.000 -99.000 -99.000 24.2 23.6 -9999.0 -9999.0 -9999.0
23907 2015-05-21 2.423 -98.08 30.62 19.9 15.1 17.5 17.0 63.4 10.83C 26.2 17.9 20.9 99.4 79.0 91.4 0.583 0.574 -99.000 -99.000 -99.000 21.5 21.8 -9999.0 -9999.0 -9999.0
23907 2015-05-22 2.423 -98.08 30.62 22.4 15.1 18.8 19.1 0.5 4.72C 23.9 17.4 20.5 100.0 91.6 97.7 0.515 0.532 -99.000 -99.000 -99.000 21.0 21.1 -9999.0 -9999.0 -9999.0
23907 2015-05-23 2.423 -98.08 30.62 26.8 17.9 22.3 21.7 94.8 6.11C 30.3 18.8 22.5 99.6 70.3 94.5 0.570 0.573 -99.000 -99.000 -99.000 21.9 21.7 -9999.0 -9999.0 -9999.0
23907 2015-05-24 2.423 -98.08 30.62 26.7 17.1 21.9 21.0 8.5 18.22C 34.2 18.2 23.8 99.7 63.4 87.2 0.589 0.587 -99.000 -99.000 -99.000 21.7 21.4 -9999.0 -9999.0 -9999.0
23907 2015-05-25 2.423 -98.08 30.62 22.7 18.0 20.3 20.4 53.4 0.81C 23.2 18.0 20.9 99.8 89.3 95.8 0.570 0.577 -99.000 -99.000 -99.000 21.5 21.5 -9999.0 -9999.0 -9999.0
23907 2015-05-26 2.423 -98.08 30.62 30.2 17.0 23.6 23.0 0.0 17.56C 36.8 17.5 25.0 100.0 59.0 86.9 0.554 0.572 -99.000 -99.000 -99.000 22.1 21.6 -9999.0 -9999.0 -9999.0
23907 2015-05-27 2.423 -98.08 30.62 27.5 18.7 23.1 23.1 5.0 14.03C 36.9 20.0 25.4 98.8 69.0 88.5 0.552 0.575 -99.000 -99.000 -99.000 23.0 22.6 -9999.0 -9999.0 -9999.0
23907 2015-05-28 2.423 -98.08 30.62 28.8 16.9 22.9 24.4 26.3 16.81C 36.7 18.4 26.8 98.7 66.6 84.0 0.514 0.546 -99.000 -99.000 -99.000 23.6 23.1 -9999.0 -9999.0 -9999.0
23907 2015-05-29 2.423 -98.08 30.62 30.9 16.5 23.7 22.9 10.4 28.12C 40.8 17.9 27.5 99.5 46.4 75.6 0.580 0.590 -99.000 -99.000 -99.000 22.9 22.5 -9999.0 -9999.0 -9999.0
23907 2015-05-30 2.423 -98.08 30.62 28.9 19.5 24.2 23.1 0.0 18.87C 39.7 21.0 26.9 96.8 49.1 74.9 0.497 0.533 -99.000 -99.000 -99.000 23.6 23.2 -9999.0 -9999.0 -9999.0
23907 2015-05-31 2.423 -98.08 30.62 28.2 17.6 22.9 22.5 0.0 25.99C 40.4 18.3 27.2 97.5 46.5 71.9 0.460 0.502 -99.000 -99.000 -99.000 23.3 23.0 -9999.0 -9999.0 -9999.0
23907 2015-06-01 2.423 -98.08 30.62 30.1 18.3 24.2 23.8 0.0 25.23C 44.7 19.0 29.0 92.5 43.2 68.9 0.430 0.475 -99.000 -99.000 -99.000 23.5 23.1 -9999.0 -9999.0 -9999.0
23907 2015-06-02 2.423 -98.08 30.62 30.3 19.5 24.9 24.7 0.0 22.87C 44.4 20.3 29.5 93.6 45.2 67.2 0.400 0.450 -99.000 -99.000 -99.000 24.0 23.6 -9999.0 -9999.0 -9999.0
23907 2015-06-03 2.423 -98.08 30.62 30.4 19.5 24.9 24.7 0.0 28.07C 46.0 20.4 30.8 93.2 45.3 66.7 0.370 0.423 -99.000 -99.000 -99.000 24.4 24.0 -9999.0 -9999.0 -9999.0
23907 2015-06-04 2.423 -98.08 30.62 30.9 19.3 25.1 24.8 0.0 28.19C 48.2 20.7 31.8 95.6 42.5 67.3 0.332 0.394 -99.000 -99.000 -99.000 24.9 24.5 -9999.0 -9999.0 -9999.0
23907 2015-06-05 2.423 -98.08 30.62 30.8 20.0 25.4 25.1 0.0 25.90C 48.0 21.3 32.0 97.8 41.0 69.4 0.295 0.370 -99.000 -99.000 -99.000 25.2 24.8 -9999.0 -9999.0 -9999.0
23907 2015-06-06 2.423 -98.08 30.62 31.7 20.6 26.1 25.7 0.0 25.84C 48.8 22.4 32.4 93.2 42.5 66.2 0.265 0.348 -99.000 -99.000 -99.000 25.5 25.0 -9999.0 -9999.0 -9999.0
23907 2015-06-07 2.423 -98.08 30.62 31.7 20.2 26.0 25.7 0.0 29.13C 49.0 21.7 33.2 91.8 37.7 63.4 0.240 0.324 -99.000 -99.000 -99.000 25.7 25.2 -9999.0 -9999.0 -9999.0
23907 2015-06-08 2.423 -98.08 30.62 33.4 0.0 16.7 26.3 0.0 29.44C 51.2 22.5 34.6 95.8 0.4 62.4 0.220 0.304 -99.000 -99.000 -99.000 26.5 25.8 -9999.0 -9999.0 -9999.0
23907 2015-06-09 2.423 -98.08 30.62 33.5 0.0 16.7 13.5 0.0 11.66C 51.6 21.0 32.3 32.9 0.4 11.3 0.204 0.286 -99.000 -99.000 -99.000 27.0 26.2 -9999.0 -9999.0 -9999.0
23907 2015-06-10 2.423 -98.08 30.62 33.2 21.5 27.4 27.4 0.0 27.89C 51.1 23.7 34.8 22.1 16.5 19.1 0.191 0.270 -99.000 -99.000 -99.000 27.3 26.6 -9999.0 -9999.0 -9999.0
23907 2015-06-11 2.423 -98.08 30.62 32.4 21.5 27.0 26.7 0.0 24.82C 50.2 23.4 33.3 20.9 17.7 19.3 0.182 0.259 -99.000 -99.000 -99.000 27.6 26.8 -9999.0 -9999.0 -9999.0
23907 2015-06-12 2.423 -98.08 30.62 33.6 23.3 28.4 27.3 0.0 25.92C 50.2 24.9 34.3 20.8 17.2 19.3 0.176 0.249 -99.000 -99.000 -99.000 28.1 27.3 -9999.0 -9999.0 -9999.0
23907 2015-06-13 2.423 -98.08 30.62 33.1 0.0 16.5 18.1 0.0 25.14C 59.7 25.3 37.5 -9999.0 -9999.0 -9999.0 0.171 0.242 -99.000 -99.000 -99.000 28.5 27.7 -9999.0 -9999.0 -9999.0
23907 2015-06-14 2.423 -98.08 30.62 28.2 20.5 24.4 23.2 15.2 12.32C 38.8 23.3 27.3 -9999.0 -9999.0 -9999.0 0.274 0.328 -99.000 -99.000 -99.000 26.7 26.7 -9999.0 -9999.0 -9999.0
23907 2015-06-15 2.423 -98.08 30.62 29.4 0.0 14.7 19.6 3.3 24.16C 74.8 23.4 37.5 -9999.0 -9999.0 -9999.0 0.328 0.365 -99.000 -99.000 -99.000 26.5 26.3 -9999.0 -9999.0 -9999.0
23907 2015-06-16 2.423 -98.08 30.62 26.9 21.5 24.2 23.3 3.8 10.49C 33.1 22.5 25.8 -9999.0 -9999.0 -9999.0 0.356 0.393 -99.000 -99.000 -99.000 25.8 25.8 -9999.0 -9999.0 -9999.0
23907 2015-06-17 2.423 -98.08 30.62 31.3 0.0 15.6 20.0 1.5 21.07C 76.9 21.7 32.8 -9999.0 -9999.0 -9999.0 0.378 0.407 -99.000 -99.000 -99.000 25.8 25.6 -9999.0 -9999.0 -9999.0
23907 2015-06-18 2.423 -98.08 30.62 32.2 0.0 16.1 23.5 -9999.0 19.86C 62.4 22.7 31.3 -9999.0 -9999.0 -9999.0 0.352 0.379 -99.000 -99.000 -99.000 26.4 26.1 -9999.0 -9999.0 -9999.0
23907 2015-06-19 2.423 -98.08 30.62 28.8 21.7 25.2 25.0 0.0 14.79C 37.9 23.5 28.6 32.2 5.5 14.3 0.323 0.350 -99.000 -99.000 -99.000 26.1 25.9 -9999.0 -9999.0 -9999.0
23907 2015-06-20 2.423 -98.08 30.62 25.8 20.8 23.3 23.1 3.8 6.61C 29.1 22.2 25.1 -9999.0 -9999.0 -9999.0 0.314 0.336 -99.000 -99.000 -99.000 25.4 25.5 -9999.0 -9999.0 -9999.0
23907 2015-06-21 2.423 -98.08 30.62 28.4 20.4 24.4 23.7 7.5 13.91C 33.8 22.7 26.1 -9999.0 -9999.0 -9999.0 0.357 0.358 -99.000 -99.000 -99.000 25.2 25.1 -9999.0 -9999.0 -9999.0
23907 2015-06-22 2.423 -98.08 30.62 30.7 21.2 25.9 25.4 0.0 19.64C 42.2 23.1 29.0 -9999.0 -9999.0 -9999.0 0.393 0.423 -99.000 -99.000 -99.000 25.8 25.5 -9999.0 -9999.0 -9999.0
23907 2015-06-23 2.423 -98.08 30.62 32.5 22.3 27.4 26.5 0.0 26.83C 44.6 22.9 31.9 -9999.0 -9999.0 -9999.0 0.358 0.386 -99.000 -99.000 -99.000 26.6 26.1 -9999.0 -9999.0 -9999.0
23907 2015-06-24 2.423 -98.08 30.62 31.9 21.4 26.7 26.1 0.0 23.86C 45.8 22.9 31.9 -9999.0 -9999.0 -9999.0 0.318 0.342 -99.000 -99.000 -99.000 26.8 26.4 -9999.0 -9999.0 -9999.0
23907 2015-06-25 2.423 -98.08 30.62 32.7 22.0 27.3 26.9 0.0 27.59C 49.4 23.6 33.5 68.6 6.8 30.7 0.282 0.304 -99.000 -99.000 -99.000 27.2 26.7 -9999.0 -9999.0 -9999.0
23907 2015-06-26 2.423 -98.08 30.62 33.1 22.7 27.9 27.5 0.0 24.73C 48.7 24.7 33.9 64.8 2.1 27.9 0.250 0.278 -99.000 -99.000 -99.000 27.6 27.1 -9999.0 -9999.0 -9999.0
23907 2015-06-27 2.423 -98.08 30.62 32.9 22.2 27.5 26.4 0.0 21.49C 49.8 26.0 33.4 36.3 0.8 16.9 0.226 0.263 -99.000 -99.000 -99.000 27.7 27.3 -9999.0 -9999.0 -9999.0
23907 2015-06-28 2.423 -98.08 30.62 31.4 21.5 26.4 24.4 7.3 13.99C 47.3 24.1 29.2 -9999.0 -9999.0 -9999.0 0.243 0.253 -99.000 -99.000 -99.000 26.7 26.6 -9999.0 -9999.0 -9999.0
23907 2015-06-29 2.423 -98.08 30.62 32.1 22.1 27.1 26.8 0.0 24.48C 42.3 23.0 31.2 -9999.0 -9999.0 -9999.0 0.269 0.253 -99.000 -99.000 -99.000 27.0 26.6 -9999.0 -9999.0 -9999.0
23907 2015-06-30 2.423 -98.08 30.62 33.4 22.0 27.7 25.6 22.5 23.09C 47.2 23.8 31.0 -9999.0 -9999.0 -9999.0 0.313 0.331 -99.000 -99.000 -99.000 27.2 26.9 -9999.0 -9999.0 -9999.0
23907 2015-07-01 2.423 -98.08 30.62 31.3 20.6 26.0 24.6 0.0 23.28C 41.8 21.7 28.8 97.0 18.0 56.9 0.421 0.465 -99.000 -99.000 -99.000 26.4 26.3 -9999.0 -9999.0 -9999.0
23907 2015-07-02 2.423 -98.08 30.62 30.9 19.8 25.3 24.9 0.0 23.25C 42.1 20.9 29.1 95.0 14.3 48.6 0.385 0.425 -99.000 -99.000 -99.000 26.1 25.9 -9999.0 -9999.0 -9999.0
23907 2015-07-03 2.423 -98.08 30.62 31.6 22.6 27.1 26.5 0.0 22.39C 43.9 23.3 31.0 -9999.0 -9999.0 -9999.0 0.353 0.394 -99.000 -99.000 -99.000 26.6 26.3 -9999.0 -9999.0 -9999.0
23907 2015-07-04 2.423 -98.08 30.62 32.3 22.1 27.2 26.7 0.0 24.43C 46.4 23.5 32.3 -9999.0 -9999.0 -9999.0 0.320 0.359 -99.000 -99.000 -99.000 27.1 26.6 -9999.0 -9999.0 -9999.0
23907 2015-07-05 2.423 -98.08 30.62 32.3 23.2 27.7 26.8 0.0 22.93C 47.2 24.8 32.5 65.4 18.5 45.8 0.286 0.326 -99.000 -99.000 -99.000 27.3 26.9 -9999.0 -9999.0 -9999.0
23907 2015-07-06 2.423 -98.08 30.62 31.6 23.2 27.4 26.9 0.0 25.48C 46.1 24.2 32.6 75.6 14.5 43.9 0.257 0.299 -99.000 -99.000 -99.000 27.2 27.0 -9999.0 -9999.0 -9999.0
23907 2015-07-07 2.423 -98.08 30.62 30.9 23.9 27.4 26.7 0.0 15.95C 41.6 25.2 30.8 77.6 18.6 51.0 0.236 0.283 -99.000 -99.000 -99.000 27.1 26.9 -9999.0 -9999.0 -9999.0
23907 2015-07-08 2.423 -98.08 30.62 30.7 24.2 27.5 26.7 0.0 19.74C 43.0 25.3 31.3 74.1 14.3 45.9 0.221 0.272 -99.000 -99.000 -99.000 27.1 26.8 -9999.0 -9999.0 -9999.0
23907 2015-07-09 2.423 -98.08 30.62 32.9 22.9 27.9 27.2 0.0 27.10C 48.6 23.6 33.2 -9999.0 -9999.0 -9999.0 0.206 0.261 -99.000 -99.000 -99.000 27.5 27.1 -9999.0 -9999.0 -9999.0
23907 2015-07-10 2.423 -98.08 30.62 33.0 21.7 27.3 26.8 0.0 24.22C 48.0 23.3 32.8 -9999.0 -9999.0 -9999.0 0.192 0.251 -99.000 -99.000 -99.000 27.7 27.2 -9999.0 -9999.0 -9999.0
23907 2015-07-11 2.423 -98.08 30.62 33.2 21.9 27.5 27.0 0.0 28.55C 50.3 23.3 34.2 -9999.0 -9999.0 -9999.0 0.183 0.244 -99.000 -99.000 -99.000 28.1 27.6 -9999.0 -9999.0 -9999.0
23907 2015-07-12 2.423 -98.08 30.62 34.1 21.7 27.9 27.8 0.0 26.94C 50.9 23.8 34.8 -9999.0 -9999.0 -9999.0 0.175 0.238 -99.000 -99.000 -99.000 28.6 27.9 -9999.0 -9999.0 -9999.0
23907 2015-07-13 2.423 -98.08 30.62 35.5 22.6 29.1 28.8 0.0 28.29C 52.5 24.8 36.0 -9999.0 -9999.0 -9999.0 0.169 0.233 -99.000 -99.000 -99.000 29.3 28.5 -9999.0 -9999.0 -9999.0
23907 2015-07-14 2.423 -98.08 30.62 36.0 21.8 28.9 28.3 0.0 28.69C 52.3 24.1 35.6 -9999.0 -9999.0 -9999.0 0.163 0.228 -99.000 -99.000 -99.000 29.4 28.7 -9999.0 -9999.0 -9999.0
23907 2015-07-15 2.423 -98.08 30.62 34.5 22.0 28.3 27.7 0.0 28.70C 52.1 24.3 35.4 90.3 11.4 49.1 0.157 0.223 -99.000 -99.000 -99.000 29.5 28.8 -9999.0 -9999.0 -9999.0
23907 2015-01-01 2.423 -98.08 30.62 2.2 -0.6 0.8 0.9 6.2 1.47C 3.7 1.1 2.5 99.9 85.4 97.2 0.369 0.308 -99.000 -99.000 -99.000 7.0 8.1 -9999.0 -9999.0 -9999.0
23907 2015-01-02 2.423 -98.08 30.62 3.5 1.3 2.4 2.2 9.0 1.43C 4.9 2.3 3.1 100.0 98.8 99.8 0.391 0.327 -99.000 -99.000 -99.000 7.1 7.9 -9999.0 -9999.0 -9999.0
23907 2015-01-03 2.423 -98.08 30.62 15.9 2.3 9.1 7.5 2.9 11.00C 16.4 2.9 7.3 100.0 34.8 73.7 0.450 0.397 -99.000 -99.000 -99.000 7.6 7.9 -9999.0 -9999.0 -9999.0
23907 2015-01-04 2.423 -98.08 30.62 9.2 -1.3 3.9 4.2 0.0 13.24C 12.4 -0.5 4.9 82.0 40.6 61.7 0.414 0.352 -99.000 -99.000 -99.000 7.3 7.9 -9999.0 -9999.0 -9999.0
23907 2015-01-05 2.423 -98.08 30.62 10.9 -3.7 3.6 2.6 0.0 13.37C 14.7 -3.0 3.8 77.9 33.3 57.4 0.399 0.340 -99.000 -99.000 -99.000 6.3 7.0 -9999.0 -9999.0 -9999.0
23907 2015-01-06 2.423 -98.08 30.62 20.2 2.9 11.6 10.9 0.0 12.90C 22.0 1.6 9.9 67.7 30.2 49.3 0.395 0.335 -99.000 -99.000 -99.000 8.0 8.0 -9999.0 -9999.0 -9999.0
23907 2015-01-07 2.423 -98.08 30.62 10.9 -3.4 3.8 4.5 0.0 12.68C 12.4 -2.1 5.5 82.7 36.5 55.7 0.387 0.328 -99.000 -99.000 -99.000 7.6 8.3 -9999.0 -9999.0 -9999.0
23907 2015-01-08 2.423 -98.08 30.62 0.6 -7.9 -3.6 -3.3 0.0 4.98C 3.9 -4.8 -0.5 57.7 37.6 48.1 0.372 0.316 -99.000 -99.000 -99.000 4.7 6.1 -9999.0 -9999.0 -9999.0
23907 2015-01-09 2.423 -98.08 30.62 2.0 0.1 1.0 0.8 0.0 2.52C 4.1 1.2 2.5 87.8 48.9 64.4 0.368 0.312 -99.000 -99.000 -99.000 5.4 6.2 -9999.0 -9999.0 -9999.0
23907 2015-01-10 2.423 -98.08 30.62 0.5 -2.0 -0.8 -0.6 3.3 2.11C 2.5 -0.1 1.4 99.9 47.7 85.8 0.373 0.314 -99.000 -99.000 -99.000 5.1 6.0 -9999.0 -9999.0 -9999.0
23907 2015-01-11 2.423 -98.08 30.62 10.9 0.0 5.4 4.4 2.9 6.38C 12.7 1.3 5.8 100.0 77.8 97.1 0.420 0.362 -99.000 -99.000 -99.000 6.5 6.7 -9999.0 -9999.0 -9999.0
23907 2015-01-12 2.423 -98.08 30.62 6.5 1.4 4.0 4.3 0.0 1.55C 6.9 2.7 5.1 100.0 89.4 97.8 0.412 0.350 -99.000 -99.000 -99.000 7.3 7.5 -9999.0 -9999.0 -9999.0
23907 2015-01-13 2.423 -98.08 30.62 3.0 -0.7 1.1 1.2 0.0 3.26C 5.6 0.7 2.9 99.7 80.7 90.7 0.401 0.337 -99.000 -99.000 -99.000 6.1 6.8 -9999.0 -9999.0 -9999.0
23907 2015-01-14 2.423 -98.08 30.62 2.9 0.9 1.9 1.8 0.0 1.88C 4.7 2.0 3.1 99.6 90.8 97.9 0.395 0.331 -99.000 -99.000 -99.000 6.1 6.7 -9999.0 -9999.0 -9999.0
23907 2015-01-15 2.423 -98.08 30.62 13.2 1.2 7.2 6.4 0.0 13.37C 16.4 1.4 6.7 98.9 46.7 73.4 0.395 0.333 -99.000 -99.000 -99.000 6.7 7.0 -9999.0 -9999.0 -9999.0
23907 2015-01-16 2.423 -98.08 30.62 16.7 3.5 10.1 9.9 0.0 13.68C 19.2 1.3 8.7 80.2 38.1 58.2 0.391 0.330 -99.000 -99.000 -99.000 7.3 7.4 -9999.0 -9999.0 -9999.0
23907 2015-01-17 2.423 -98.08 30.62 19.5 5.0 12.2 12.3 0.0 10.96C 20.9 3.3 10.6 87.7 30.4 55.7 0.388 0.327 -99.000 -99.000 -99.000 8.7 8.4 -9999.0 -9999.0 -9999.0
23907 2015-01-18 2.423 -98.08 30.62 20.9 7.6 14.3 13.7 0.0 15.03C 23.4 3.5 11.9 45.9 14.6 31.4 0.383 0.325 -99.000 -99.000 -99.000 9.5 9.2 -9999.0 -9999.0 -9999.0
23907 2015-01-19 2.423 -98.08 30.62 23.9 6.7 15.3 14.3 0.0 14.10C 25.6 3.8 12.6 65.3 26.8 45.6 0.376 0.321 -99.000 -99.000 -99.000 9.9 9.5 -9999.0 -9999.0 -9999.0
23907 2015-01-20 2.423 -98.08 30.62 26.0 9.5 17.8 15.9 0.0 14.57C 27.9 6.5 14.5 88.4 16.1 50.2 0.373 0.320 -99.000 -99.000 -99.000 10.9 10.4 -9999.0 -9999.0 -9999.0
23907 2015-01-21 2.423 -98.08 30.62 11.0 6.9 8.9 8.9 1.7 2.71C 13.1 6.8 9.7 99.2 68.0 88.1 0.369 0.317 -99.000 -99.000 -99.000 10.7 10.6 -9999.0 -9999.0 -9999.0
23907 2015-01-22 2.423 -98.08 30.62 8.6 3.5 6.1 5.6 39.6 1.28C 9.1 4.1 6.3 99.6 95.2 98.0 0.546 0.418 -99.000 -99.000 -99.000 9.0 9.3 -9999.0 -9999.0 -9999.0
23907 2015-01-23 2.423 -98.08 30.62 9.4 2.2 5.8 4.2 7.4 6.58C 11.1 2.0 4.8 98.4 58.8 86.5 0.554 0.409 -99.000 -99.000 -99.000 7.6 8.1 -9999.0 -9999.0 -9999.0
23907 2015-01-24 2.423 -98.08 30.62 16.0 1.4 8.7 8.0 0.0 14.26C 18.8 0.4 7.7 92.0 33.0 63.0 0.494 0.381 -99.000 -99.000 -99.000 7.7 7.9 -9999.0 -9999.0 -9999.0
23907 2015-01-25 2.423 -98.08 30.62 20.2 6.4 13.3 12.7 0.0 14.99C 22.0 4.4 11.0 69.2 18.9 43.8 0.456 0.357 -99.000 -99.000 -99.000 9.1 8.9 -9999.0 -9999.0 -9999.0
23907 2015-01-26 2.423 -98.08 30.62 21.5 7.2 14.4 14.1 0.0 12.01C 22.9 5.5 12.2 56.8 23.7 40.6 0.433 0.349 -99.000 -99.000 -99.000 10.0 9.7 -9999.0 -9999.0 -9999.0
23907 2015-01-27 2.423 -98.08 30.62 26.5 10.7 18.6 17.5 0.0 15.18C 28.9 8.1 15.5 52.2 21.4 38.8 0.420 0.344 -99.000 -99.000 -99.000 11.4 10.8 -9999.0 -9999.0 -9999.0
23907 2015-01-28 2.423 -98.08 30.62 26.3 13.3 19.8 19.1 0.0 15.11C 28.1 7.9 16.3 54.9 19.4 35.5 0.410 0.339 -99.000 -99.000 -99.000 12.1 11.5 -9999.0 -9999.0 -9999.0
23907 2015-01-29 2.423 -98.08 30.62 23.1 9.8 16.5 16.4 0.0 13.74C 27.4 9.7 16.4 87.0 34.2 55.6 0.402 0.334 -99.000 -99.000 -99.000 13.1 12.4 -9999.0 -9999.0 -9999.0
23907 2015-01-30 2.423 -98.08 30.62 13.0 6.9 10.0 9.0 0.0 7.19C 19.2 8.3 11.0 67.6 48.4 58.8 0.389 0.328 -99.000 -99.000 -99.000 11.6 11.8 -9999.0 -9999.0 -9999.0
23907 2015-01-31 2.423 -98.08 30.62 15.1 7.4 11.3 10.2 8.5 1.18C 14.5 8.4 10.7 100.0 63.1 90.3 0.401 0.337 -99.000 -99.000 -99.000 11.2 11.3 -9999.0 -9999.0 -9999.0
23907 2015-02-01 2.423 -98.08 30.62 18.3 3.9 11.1 13.3 0.0 8.69C 22.1 4.1 13.8 98.8 53.6 79.1 0.450 0.386 -99.000 -99.000 -99.000 12.9 12.6 -9999.0 -9999.0 -9999.0
23907 2015-02-02 2.423 -98.08 30.62 8.0 -1.9 3.1 3.3 0.0 12.48C 15.2 -0.6 5.8 69.4 34.8 54.2 0.420 0.354 -99.000 -99.000 -99.000 9.3 10.1 -9999.0 -9999.0 -9999.0
23907 2015-02-03 2.423 -98.08 30.62 5.3 2.3 3.8 3.8 0.7 2.69C 8.3 3.9 5.7 100.0 65.1 82.6 0.409 0.343 -99.000 -99.000 -99.000 8.7 9.3 -9999.0 -9999.0 -9999.0
23907 2015-02-04 2.423 -98.08 30.62 11.8 4.3 8.1 7.9 0.0 4.41C 13.8 5.5 8.8 100.0 80.6 94.1 0.410 0.344 -99.000 -99.000 -99.000 9.6 9.8 -9999.0 -9999.0 -9999.0
23907 2015-02-05 2.423 -98.08 30.62 9.4 0.7 5.0 3.1 0.0 4.90C 9.3 2.8 5.6 97.3 68.8 81.4 0.402 0.336 -99.000 -99.000 -99.000 8.6 9.3 -9999.0 -9999.0 -9999.0
23907 2015-02-06 2.423 -98.08 30.62 15.3 0.8 8.0 7.4 0.0 14.67C 20.9 1.8 9.3 95.9 50.7 75.9 0.396 0.331 -99.000 -99.000 -99.000 9.1 9.2 -9999.0 -9999.0 -9999.0
23907 2015-02-07 2.423 -98.08 30.62 19.8 5.9 12.8 12.0 0.2 16.75C 23.8 4.8 12.0 96.8 48.6 76.2 0.393 0.329 -99.000 -99.000 -99.000 10.5 10.2 -9999.0 -9999.0 -9999.0
23907 2015-02-08 2.423 -98.08 30.62 26.3 12.3 19.3 17.7 0.0 16.54C 29.8 10.8 17.3 96.6 25.4 65.2 0.393 0.332 -99.000 -99.000 -99.000 13.0 12.2 -9999.0 -9999.0 -9999.0
23907 2015-02-09 2.423 -98.08 30.62 26.6 13.6 20.1 19.3 0.0 16.90C 31.1 10.3 17.8 64.6 19.7 40.0 0.388 0.329 -99.000 -99.000 -99.000 13.5 12.9 -9999.0 -9999.0 -9999.0
23907 2015-02-10 2.423 -98.08 30.62 26.0 12.7 19.4 18.7 0.0 17.09C 30.3 9.5 17.6 61.3 26.5 40.1 0.381 0.325 -99.000 -99.000 -99.000 13.6 13.0 -9999.0 -9999.0 -9999.0
23907 2015-02-11 2.423 -98.08 30.62 23.0 10.6 16.8 16.3 0.0 16.50C 29.2 8.1 16.8 77.6 29.9 55.8 0.375 0.323 -99.000 -99.000 -99.000 14.0 13.5 -9999.0 -9999.0 -9999.0
23907 2015-02-12 2.423 -98.08 30.62 14.8 5.6 10.2 9.4 0.0 12.60C 22.8 6.8 11.9 71.2 32.3 52.2 0.363 0.317 -99.000 -99.000 -99.000 12.3 12.7 -9999.0 -9999.0 -9999.0
23907 2015-02-13 2.423 -98.08 30.62 18.9 4.7 11.8 11.5 0.0 12.25C 26.3 4.5 12.3 65.6 37.7 50.7 0.356 0.310 -99.000 -99.000 -99.000 11.4 11.7 -9999.0 -9999.0 -9999.0
23907 2015-02-14 2.423 -98.08 30.62 24.3 10.8 17.5 16.7 0.0 16.94C 31.3 8.8 17.1 77.8 29.3 56.9 0.354 0.310 -99.000 -99.000 -99.000 13.3 12.8 -9999.0 -9999.0 -9999.0
23907 2015-02-15 2.423 -98.08 30.62 20.2 13.3 16.8 15.9 0.0 5.79C 23.9 12.8 16.2 96.0 65.3 83.9 0.353 0.312 -99.000 -99.000 -99.000 14.5 13.9 -9999.0 -9999.0 -9999.0
23907 2015-02-16 2.423 -98.08 30.62 17.6 0.0 8.8 5.0 0.7 4.87C 17.1 2.5 7.4 98.3 66.4 83.8 0.345 0.306 -99.000 -99.000 -99.000 11.9 12.8 -9999.0 -9999.0 -9999.0
23907 2015-02-17 2.423 -98.08 30.62 11.2 -0.4 5.4 4.3 0.0 13.36C 18.6 1.3 6.8 80.6 36.6 57.9 0.337 0.298 -99.000 -99.000 -99.000 9.3 10.3 -9999.0 -9999.0 -9999.0
23907 2015-02-18 2.423 -98.08 30.62 17.2 -0.4 8.4 9.1 0.0 18.48C 25.1 0.5 10.1 80.9 21.1 46.1 0.334 0.294 -99.000 -99.000 -99.000 9.5 10.0 -9999.0 -9999.0 -9999.0
23907 2015-02-19 2.423 -98.08 30.62 19.2 5.7 12.4 12.3 0.0 17.70C 26.0 4.1 13.2 79.1 35.7 56.9 0.333 0.295 -99.000 -99.000 -99.000 11.1 11.0 -9999.0 -9999.0 -9999.0
23907 2015-02-20 2.423 -98.08 30.62 22.0 11.9 16.9 16.7 0.0 8.41C 25.9 10.7 16.7 85.5 55.7 76.5 0.336 0.298 -99.000 -99.000 -99.000 13.6 12.9 -9999.0 -9999.0 -9999.0
23907 2015-02-21 2.423 -98.08 30.62 22.9 9.3 16.1 17.2 0.0 11.83C 31.1 10.6 18.9 86.5 51.1 74.3 0.336 0.302 -99.000 -99.000 -99.000 15.6 14.7 -9999.0 -9999.0 -9999.0
23907 2015-02-22 2.423 -98.08 30.62 10.7 0.1 5.4 7.3 1.6 1.85C 12.7 2.2 9.2 100.0 76.7 91.8 0.327 0.296 -99.000 -99.000 -99.000 12.7 13.3 -9999.0 -9999.0 -9999.0
23907 2015-02-23 2.423 -98.08 30.62 0.1 -3.5 -1.7 -2.2 0.3 2.37C 2.2 -1.2 0.1 99.3 95.1 97.2 0.317 0.286 -99.000 -99.000 -99.000 8.0 9.8 -9999.0 -9999.0 -9999.0
23907 2015-02-24 2.423 -98.08 30.62 0.7 -3.4 -1.4 -1.5 0.0 3.98C 4.9 -1.3 1.2 99.9 93.6 97.2 0.316 0.282 -99.000 -99.000 -99.000 6.8 8.1 -9999.0 -9999.0 -9999.0
23907 2015-02-25 2.423 -98.08 30.62 15.4 0.1 7.7 6.4 0.0 17.04C 19.8 1.7 8.0 99.9 30.3 70.4 0.330 0.285 -99.000 -99.000 -99.000 8.3 8.7 -9999.0 -9999.0 -9999.0
23907 2015-02-26 2.423 -98.08 30.62 6.0 0.0 3.0 2.9 0.0 6.77C 9.8 1.9 4.2 88.0 58.1 75.5 0.331 0.285 -99.000 -99.000 -99.000 7.6 8.5 -9999.0 -9999.0 -9999.0
23907 2015-02-27 2.423 -98.08 30.62 0.0 -2.7 -1.3 -1.4 0.0 2.56C 2.9 -0.9 1.0 99.1 57.5 77.6 0.324 0.280 -99.000 -99.000 -99.000 6.1 7.3 -9999.0 -9999.0 -9999.0
23907 2015-02-28 2.423 -98.08 30.62 0.0 -3.1 -1.6 -1.5 1.5 1.93C 1.7 -1.2 0.2 99.9 96.4 98.8 0.323 0.279 -99.000 -99.000 -99.000 5.3 6.5 -9999.0 -9999.0 -9999.0
23907 2015-03-01 2.423 -98.08 30.62 4.5 -0.2 2.1 1.9 3.9 3.44C 6.4 0.7 3.0 100.0 99.5 99.9 0.370 0.307 -99.000 -99.000 -99.000 5.8 6.5 -9999.0 -9999.0 -9999.0
23907 2015-03-02 2.423 -98.08 30.62 4.9 1.5 3.2 3.1 2.0 3.68C 7.5 2.2 4.3 100.0 97.7 99.7 0.394 0.327 -99.000 -99.000 -99.000 6.5 6.9 -9999.0 -9999.0 -9999.0
23907 2015-03-06 2.423 -98.08 30.62 12.9 -3.2 4.8 4.1 0.0 22.65C 22.9 -2.6 7.4 68.0 28.6 49.4 0.418 0.348 -99.000 -99.000 -99.000 6.7 7.1 -9999.0 -9999.0 -9999.0
23907 2015-03-07 2.423 -98.08 30.62 13.7 4.4 9.0 8.7 0.0 8.80C 20.1 3.9 10.8 59.9 29.7 46.1 0.410 0.342 -99.000 -99.000 -99.000 8.4 8.3 -9999.0 -9999.0 -9999.0
23907 2015-03-08 2.423 -98.08 30.62 10.4 6.8 8.6 8.8 1.8 2.00C 11.9 8.2 10.0 100.0 51.9 94.7 0.412 0.345 -99.000 -99.000 -99.000 9.5 9.3 -9999.0 -9999.0 -9999.0
23907 2015-03-09 2.423 -98.08 30.62 11.3 8.1 9.7 9.4 39.0 2.35C 13.2 8.9 10.3 100.0 95.9 99.2 0.572 0.427 -99.000 -99.000 -99.000 9.9 9.7 -9999.0 -9999.0 -9999.0
23907 2015-03-10 2.423 -98.08 30.62 15.0 8.4 11.7 11.6 0.0 8.06C 18.6 7.6 12.7 99.8 66.5 85.3 0.520 0.393 -99.000 -99.000 -99.000 10.8 10.5 -9999.0 -9999.0 -9999.0
23907 2015-03-11 2.423 -98.08 30.62 15.1 10.3 12.7 11.8 0.0 4.78C 17.5 10.2 12.6 91.3 70.4 84.1 0.474 0.373 -99.000 -99.000 -99.000 11.4 11.1 -9999.0 -9999.0 -9999.0
23907 2015-03-12 2.423 -98.08 30.62 22.6 9.4 16.0 14.7 0.0 19.57C 29.5 8.3 16.3 95.4 44.8 75.5 0.454 0.363 -99.000 -99.000 -99.000 12.6 12.0 -9999.0 -9999.0 -9999.0
23907 2015-03-13 2.423 -98.08 30.62 23.4 10.4 16.9 16.3 0.0 17.64C 30.6 10.2 17.6 100.0 35.4 68.8 0.438 0.357 -99.000 -99.000 -99.000 13.7 13.0 -9999.0 -9999.0 -9999.0
23907 2015-03-14 2.423 -98.08 30.62 23.5 11.0 17.2 16.3 0.0 20.38C 32.1 10.5 18.1 92.0 33.0 62.5 0.424 0.348 -99.000 -99.000 -99.000 14.2 13.6 -9999.0 -9999.0 -9999.0
23907 2015-03-15 2.423 -98.08 30.62 18.8 9.5 14.1 13.9 0.0 13.34C 29.6 9.4 16.1 91.7 59.5 76.2 0.411 0.340 -99.000 -99.000 -99.000 13.9 13.5 -9999.0 -9999.0 -9999.0
23907 2015-03-16 2.423 -98.08 30.62 24.7 11.1 17.9 17.3 0.0 13.97C 31.7 9.9 18.9 95.7 44.1 74.7 0.404 0.336 -99.000 -99.000 -99.000 14.7 14.0 -9999.0 -9999.0 -9999.0
23907 2015-03-17 2.423 -98.08 30.62 23.2 16.2 19.7 18.7 0.0 7.08C 29.4 16.7 20.0 98.1 66.7 87.1 0.401 0.338 -99.000 -99.000 -99.000 16.5 15.6 -9999.0 -9999.0 -9999.0
23907 2015-03-18 2.423 -98.08 30.62 25.4 15.0 20.2 19.4 0.5 16.96C 35.4 15.2 22.0 99.2 51.3 79.1 0.398 0.339 -99.000 -99.000 -99.000 17.4 16.5 -9999.0 -9999.0 -9999.0
23907 2015-03-19 2.423 -98.08 30.62 26.6 16.3 21.4 20.5 0.0 13.17C 37.3 16.5 22.6 99.4 52.9 81.2 0.394 0.340 -99.000 -99.000 -99.000 18.3 17.3 -9999.0 -9999.0 -9999.0
23907 2015-03-20 2.423 -98.08 30.62 19.6 12.2 15.9 15.8 9.4 2.77C 20.0 13.7 17.3 99.5 89.2 96.6 0.417 0.359 -99.000 -99.000 -99.000 17.3 17.0 -9999.0 -9999.0 -9999.0
23907 2015-03-21 2.423 -98.08 30.62 14.2 11.5 12.8 12.7 20.6 2.86C 16.9 12.5 14.1 100.0 95.0 98.6 0.563 0.444 -99.000 -99.000 -99.000 15.1 15.1 -9999.0 -9999.0 -9999.0
23907 2015-03-22 2.423 -98.08 30.62 22.5 12.9 17.7 16.5 0.0 20.84C 32.0 12.9 19.5 100.0 54.0 81.5 0.522 0.411 -99.000 -99.000 -99.000 16.2 15.8 -9999.0 -9999.0 -9999.0
23907 2015-03-23 2.423 -98.08 30.62 27.2 11.7 19.4 18.6 0.0 23.99C 36.0 10.9 21.2 100.0 33.3 73.4 0.472 0.385 -99.000 -99.000 -99.000 17.0 16.4 -9999.0 -9999.0 -9999.0
23907 2015-03-24 2.423 -98.08 30.62 29.1 15.0 22.0 21.1 0.0 23.74C 36.3 14.2 23.1 97.1 36.2 69.3 0.450 0.377 -99.000 -99.000 -99.000 18.5 17.7 -9999.0 -9999.0 -9999.0
23907 2015-03-25 2.423 -98.08 30.62 28.8 14.2 21.5 20.4 0.0 22.86C 38.6 14.2 23.4 99.2 37.0 71.9 0.432 0.367 -99.000 -99.000 -99.000 19.1 18.4 -9999.0 -9999.0 -9999.0
23907 2015-03-26 2.423 -98.08 30.62 19.1 10.2 14.6 14.2 0.0 20.72C 30.2 10.8 18.4 91.6 28.3 58.1 0.412 0.353 -99.000 -99.000 -99.000 16.9 17.3 -9999.0 -9999.0 -9999.0
23907 2015-03-27 2.423 -98.08 30.62 25.6 7.3 16.5 16.9 0.0 25.07C 36.8 7.8 19.6 63.3 17.5 36.6 0.394 0.336 -99.000 -99.000 -99.000 15.8 15.9 -9999.0 -9999.0 -9999.0
23907 2015-03-28 2.423 -98.08 30.62 28.6 11.0 19.8 20.0 0.0 25.15C 38.8 10.3 22.0 67.7 17.9 38.2 0.381 0.329 -99.000 -99.000 -99.000 16.8 16.5 -9999.0 -9999.0 -9999.0
23907 2015-03-29 2.423 -98.08 30.62 28.3 13.9 21.1 20.7 0.0 25.00C 39.0 12.9 23.4 87.6 31.2 57.4 0.368 0.323 -99.000 -99.000 -99.000 18.2 17.6 -9999.0 -9999.0 -9999.0
23907 2015-03-30 2.423 -98.08 30.62 25.4 16.8 21.1 20.1 0.0 15.51C 37.0 17.2 23.7 93.5 58.4 78.9 0.359 0.319 -99.000 -99.000 -99.000 19.5 18.7 -9999.0 -9999.0 -9999.0
23907 2015-03-31 2.423 -98.08 30.62 27.1 17.9 22.5 21.1 0.0 22.51C 40.8 18.8 25.7 95.2 45.4 73.6 0.350 0.315 -99.000 -99.000 -99.000 20.2 19.5 -9999.0 -9999.0 -9999.0
23907 2015-04-01 2.423 -98.08 30.62 26.4 18.5 22.5 21.5 0.0 14.56C 36.6 18.5 24.4 94.2 47.7 76.8 0.341 0.309 -99.000 -99.000 -99.000 20.5 19.9 -9999.0 -9999.0 -9999.0
23907 2015-04-02 2.423 -98.08 30.62 28.5 19.1 23.8 22.4 0.0 18.31C 41.0 20.2 26.1 97.7 54.5 81.0 0.333 0.306 -99.000 -99.000 -99.000 21.3 20.5 -9999.0 -9999.0 -9999.0
23907 2015-04-03 2.423 -98.08 30.62 28.6 16.6 22.6 21.4 0.0 17.15C 42.0 19.6 25.8 92.7 42.8 65.8 0.323 0.300 -99.000 -99.000 -99.000 21.1 20.6 -9999.0 -9999.0 -9999.0
23907 2015-04-04 2.423 -98.08 30.62 19.1 9.4 14.2 14.7 1.6 11.83C 27.5 12.2 18.9 80.7 43.1 56.6 0.311 0.284 -99.000 -99.000 -99.000 18.1 18.6 -9999.0 -9999.0 -9999.0
23907 2015-04-05 2.423 -98.08 30.62 18.3 13.6 15.9 15.5 0.6 3.61C 20.5 15.9 17.5 99.9 62.7 90.8 0.307 0.280 -99.000 -99.000 -99.000 17.8 18.0 -9999.0 -9999.0 -9999.0
23907 2015-04-06 2.423 -98.08 30.62 28.5 17.6 23.0 22.4 0.0 22.85C 38.4 17.5 25.2 99.7 49.1 74.3 0.308 0.281 -99.000 -99.000 -99.000 20.2 19.4 -9999.0 -9999.0 -9999.0
23907 2015-04-07 2.423 -98.08 30.62 29.9 18.4 24.1 23.0 0.0 16.84C 39.4 18.4 25.8 93.7 44.6 73.6 0.303 0.279 -99.000 -99.000 -99.000 21.3 20.6 -9999.0 -9999.0 -9999.0
23907 2015-04-08 2.423 -98.08 30.62 24.1 18.5 21.3 21.1 0.0 5.13C 26.9 18.9 21.9 94.7 73.6 84.1 0.295 0.276 -99.000 -99.000 -99.000 20.8 20.4 -9999.0 -9999.0 -9999.0
23907 2015-04-09 2.423 -98.08 30.62 28.9 17.7 23.3 23.0 1.1 14.54C 38.9 18.2 24.7 92.7 54.5 75.3 0.290 0.273 -99.000 -99.000 -99.000 21.3 20.6 -9999.0 -9999.0 -9999.0
23907 2015-04-10 2.423 -98.08 30.62 23.4 12.0 17.7 16.9 1.9 15.88C 32.1 14.7 19.8 90.9 34.6 63.5 0.283 0.267 -99.000 -99.000 -99.000 19.4 19.6 -9999.0 -9999.0 -9999.0
23907 2015-04-11 2.423 -98.08 30.62 19.8 13.3 16.6 16.5 0.0 4.37C 23.0 15.2 18.9 99.9 81.8 93.3 0.281 0.265 -99.000 -99.000 -99.000 18.7 18.8 -9999.0 -9999.0 -9999.0
23907 2015-04-12 2.423 -98.08 30.62 25.6 18.1 21.8 20.8 0.0 9.59C 33.3 18.6 22.3 99.8 64.7 88.0 0.283 0.266 -99.000 -99.000 -99.000 20.2 19.7 -9999.0 -9999.0 -9999.0
23907 2015-04-13 2.423 -98.08 30.62 29.3 16.5 22.9 22.5 0.3 24.61C 41.2 18.3 26.3 99.7 28.3 67.9 0.281 0.265 -99.000 -99.000 -99.000 21.3 20.7 -9999.0 -9999.0 -9999.0
23907 2015-04-14 2.423 -98.08 30.62 21.6 11.0 16.3 16.0 0.0 21.82C 39.3 14.9 22.5 96.1 48.9 72.8 0.270 0.259 -99.000 -99.000 -99.000 19.9 19.9 -9999.0 -9999.0 -9999.0
23907 2015-04-15 2.423 -98.08 30.62 27.4 10.7 19.0 18.9 0.0 24.17C 42.5 12.3 24.7 92.6 42.0 67.2 0.260 0.251 -99.000 -99.000 -99.000 19.8 19.5 -9999.0 -9999.0 -9999.0
23907 2015-04-16 2.423 -98.08 30.62 24.4 17.9 21.1 20.6 0.0 11.78C 31.8 19.1 23.4 96.7 64.0 84.7 0.254 0.252 -99.000 -99.000 -99.000 20.9 20.5 -9999.0 -9999.0 -9999.0
23907 2015-04-17 2.423 -98.08 30.62 21.0 16.5 18.8 18.6 9.2 3.20C 24.7 16.7 20.2 99.2 78.1 89.6 0.279 0.267 -99.000 -99.000 -99.000 20.1 20.0 -9999.0 -9999.0 -9999.0
23907 2015-04-18 2.423 -98.08 30.62 24.9 12.7 18.8 18.2 14.4 13.11C 33.9 14.7 20.9 98.7 60.9 87.0 0.396 0.352 -99.000 -99.000 -99.000 19.7 19.6 -9999.0 -9999.0 -9999.0
23907 2015-04-19 2.423 -98.08 30.62 28.6 12.5 20.6 21.0 0.0 26.42C 37.6 14.3 23.7 99.7 21.3 61.7 0.433 0.393 -99.000 -99.000 -99.000 19.9 19.7 -9999.0 -9999.0 -9999.0
23907 2015-04-20 2.423 -98.08 30.62 21.6 9.4 15.5 15.8 0.0 22.28C 32.5 10.8 20.1 68.7 30.5 50.1 0.396 0.353 -99.000 -99.000 -99.000 18.5 18.8 -9999.0 -9999.0 -9999.0
23907 2015-04-21 2.423 -98.08 30.62 26.0 11.6 18.8 19.0 0.0 23.06C 37.8 12.2 23.1 86.2 41.9 58.5 0.374 0.335 -99.000 -99.000 -99.000 18.8 18.7 -9999.0 -9999.0 -9999.0
23907 2015-04-22 2.423 -98.08 30.62 25.3 17.6 21.4 20.8 0.0 12.08C 35.5 18.6 24.3 95.5 64.6 83.9 0.361 0.329 -99.000 -99.000 -99.000 20.7 20.2 -9999.0 -9999.0 -9999.0
23907 2015-04-23 2.423 -98.08 30.62 29.7 19.4 24.6 22.6 0.2 13.51C 37.6 20.6 25.5 99.9 55.6 84.3 0.350 0.324 -99.000 -99.000 -99.000 21.8 21.1 -9999.0 -9999.0 -9999.0
23907 2015-04-24 2.423 -98.08 30.62 26.6 19.8 23.2 23.1 10.4 9.70C 30.7 20.6 24.4 99.5 74.7 89.2 0.415 0.380 -99.000 -99.000 -99.000 22.2 21.7 -9999.0 -9999.0 -9999.0
23907 2015-04-25 2.423 -98.08 30.62 30.8 20.5 25.7 25.2 0.0 27.38C 39.9 20.0 27.5 99.7 19.6 57.8 0.414 0.373 -99.000 -99.000 -99.000 22.5 22.0 -9999.0 -9999.0 -9999.0
23907 2015-04-26 2.423 -98.08 30.62 29.7 20.0 24.9 23.8 0.9 21.27C 40.6 20.0 27.7 97.8 39.7 77.6 0.384 0.351 -99.000 -99.000 -99.000 22.9 22.3 -9999.0 -9999.0 -9999.0
23907 2015-04-27 2.423 -98.08 30.62 26.7 15.4 21.0 20.1 14.1 25.75C 37.9 17.1 25.1 98.8 38.4 73.0 0.463 0.417 -99.000 -99.000 -99.000 21.9 21.8 -9999.0 -9999.0 -9999.0
23907 2015-04-28 2.423 -98.08 30.62 15.7 9.1 12.4 12.8 0.2 5.58C 19.2 10.5 16.3 97.5 72.4 84.6 0.420 0.371 -99.000 -99.000 -99.000 18.9 19.8 -9999.0 -9999.0 -9999.0
23907 2015-04-29 2.423 -98.08 30.62 22.8 8.0 15.4 15.7 0.0 28.85C 35.2 8.7 19.9 93.7 31.1 58.5 0.397 0.347 -99.000 -99.000 -99.000 18.1 18.5 -9999.0 -9999.0 -9999.0
23907 2015-04-30 2.423 -98.08 30.62 26.3 12.4 19.3 19.4 0.0 28.72C 40.4 11.3 23.5 66.4 28.8 46.5 0.370 0.329 -99.000 -99.000 -99.000 18.8 18.8 -9999.0 -9999.0 -9999.0
23907 2015-05-01 2.423 -98.08 30.62 27.5 14.9 21.2 20.6 0.0 27.64C 44.9 14.0 25.8 64.8 30.9 49.6 0.344 0.312 -99.000 -99.000 -99.000 19.8 19.6 -9999.0 -9999.0 -9999.0
23907 2015-05-02 2.423 -98.08 30.62 27.4 14.6 21.0 20.6 0.0 28.07C 43.1 15.0 26.4 74.6 33.5 54.2 0.317 0.293 -99.000 -99.000 -99.000 20.5 20.2 -9999.0 -9999.0 -9999.0
23907 2015-05-03 2.423 -98.08 30.62 27.4 14.3 20.8 20.8 0.0 24.91C 41.5 15.7 26.1 90.8 36.3 66.4 0.296 0.278 -99.000 -99.000 -99.000 21.0 20.6 -9999.0 -9999.0 -9999.0
23907 2015-05-04 2.423 -98.08 30.62 27.8 18.1 22.9 22.0 0.0 18.83C 42.9 20.1 27.1 95.1 45.3 71.8 0.278 0.268 -99.000 -99.000 -99.000 22.1 21.6 -9999.0 -9999.0 -9999.0
23907 2015-05-05 2.423 -98.08 30.62 26.9 18.3 22.6 20.8 3.0 12.75C 38.6 19.8 24.3 99.1 52.3 82.3 0.263 0.261 -99.000 -99.000 -99.000 21.9 21.6 -9999.0 -9999.0 -9999.0
23907 2015-05-06 2.423 -98.08 30.62 28.9 19.9 24.4 23.1 0.0 16.44C 36.2 20.6 25.5 98.5 54.9 81.5 0.259 0.261 -99.000 -99.000 -99.000 22.6 22.1 -9999.0 -9999.0 -9999.0
23907 2015-05-07 2.423 -98.08 30.62 27.3 20.8 24.1 23.2 0.0 13.13C 34.8 21.5 26.0 94.2 67.3 85.3 0.254 0.262 -99.000 -99.000 -99.000 23.1 22.5 -9999.0 -9999.0 -9999.0
23907 2015-05-08 2.423 -98.08 30.62 26.3 19.9 23.1 22.6 16.9 6.98C 31.5 20.8 24.0 97.7 76.9 92.5 0.329 0.329 -99.000 -99.000 -99.000 23.0 22.6 -9999.0 -9999.0 -9999.0
23907 2015-05-09 2.423 -98.08 30.62 28.4 20.8 24.6 23.9 0.4 12.92C 34.0 20.6 25.2 99.0 65.2 84.0 0.422 0.411 -99.000 -99.000 -99.000 23.0 22.6 -9999.0 -9999.0 -9999.0
23907 2015-05-10 2.423 -98.08 30.62 28.3 22.8 25.6 24.5 0.5 11.48C 34.3 22.7 25.7 91.2 59.0 79.9 0.402 0.394 -99.000 -99.000 -99.000 23.4 22.9 -9999.0 -9999.0 -9999.0
23907 2015-05-11 2.423 -98.08 30.62 23.4 17.4 20.4 19.7 23.7 7.79C 27.2 18.7 21.9 99.1 84.3 91.8 0.488 0.470 -99.000 -99.000 -99.000 22.1 22.1 -9999.0 -9999.0 -9999.0
23907 2015-05-12 2.423 -98.08 30.62 18.2 15.3 16.7 16.8 3.2 5.51C 22.3 17.0 18.8 99.6 86.3 96.7 0.466 0.446 -99.000 -99.000 -99.000 20.5 20.8 -9999.0 -9999.0 -9999.0
23907 2015-05-13 2.423 -98.08 30.62 19.1 16.7 17.9 17.8 30.1 2.32C 20.0 16.9 18.5 99.9 92.4 98.0 0.543 0.478 -99.000 -99.000 -99.000 19.9 20.1 -9999.0 -9999.0 -9999.0
23907 2015-05-14 2.423 -98.08 30.62 28.4 18.8 23.6 22.7 2.2 15.35C 34.8 18.5 24.4 99.4 62.5 87.5 0.540 0.467 -99.000 -99.000 -99.000 21.4 21.0 -9999.0 -9999.0 -9999.0
23907 2015-05-15 2.423 -98.08 30.62 24.3 18.5 21.4 20.5 13.2 11.73C 30.5 19.5 22.4 99.4 67.2 89.6 0.565 0.485 -99.000 -99.000 -99.000 21.6 21.4 -9999.0 -9999.0 -9999.0
23907 2015-05-16 2.423 -98.08 30.62 29.0 18.3 23.6 23.2 0.0 13.41C 34.2 19.9 24.8 98.8 62.4 84.7 0.516 0.453 -99.000 -99.000 -99.000 22.1 21.6 -9999.0 -9999.0 -9999.0
23907 2015-05-17 2.423 -98.08 30.62 28.1 18.1 23.1 22.4 24.4 14.86C 37.0 19.0 24.8 99.4 63.2 84.7 0.576 0.493 -99.000 -99.000 -99.000 22.3 21.9 -9999.0 -9999.0 -9999.0
23907 2015-05-18 2.423 -98.08 30.62 31.1 21.2 26.1 24.9 0.0 15.99C 40.3 21.6 27.6 99.4 58.1 82.9 0.512 0.456 -99.000 -99.000 -99.000 23.6 22.9 -9999.0 -9999.0 -9999.0
23907 2015-05-19 2.423 -98.08 30.62 29.2 21.7 25.4 24.4 1.4 16.28C 36.9 22.4 26.8 98.3 61.4 83.4 0.481 0.442 -99.000 -99.000 -99.000 23.9 23.4 -9999.0 -9999.0 -9999.0
23907 2015-05-20 2.423 -98.08 30.62 30.6 19.9 25.2 24.7 35.3 17.95C 40.2 20.8 28.0 98.0 48.1 78.5 0.463 0.432 -99.000 -99.000 -99.000 24.2 23.6 -9999.0 -9999.0 -9999.0
23907 2015-05-21 2.423 -98.08 30.62 19.9 15.1 17.5 17.0 63.4 10.83C 26.2 17.9 20.9 99.4 79.0 91.4 0.583 0.574 -99.000 -99.000 -99.000 21.5 21.8 -9999.0 -9999.0 -9999.0
23907 2015-05-22 2.423 -98.08 30.62 22.4 15.1 18.8 19.1 0.5 4.72C 23.9 17.4 20.5 100.0 91.6 97.7 0.515 0.532 -99.000 -99.000 -99.000 21.0 21.1 -9999.0 -9999.0 -9999.0
23907 2015-05-23 2.423 -98.08 30.62 26.8 17.9 22.3 21.7 94.8 6.11C 30.3 18.8 22.5 99.6 70.3 94.5 0.570 0.573 -99.000 -99.000 -99.000 21.9 21.7 -9999.0 -9999.0 -9999.0
23907 2015-05-24 2.423 -98.08 30.62 26.7 17.1 21.9 21.0 8.5 18.22C 34.2 18.2 23.8 99.7 63.4 87.2 0.589 0.587 -99.000 -99.000 -99.000 21.7 21.4 -9999.0 -9999.0 -9999.0
23907 2015-05-25 2.423 -98.08 30.62 22.7 18.0 20.3 20.4 53.4 0.81C 23.2 18.0 20.9 99.8 89.3 95.8 0.570 0.577 -99.000 -99.000 -99.000 21.5 21.5 -9999.0 -9999.0 -9999.0
23907 2015-05-26 2.423 -98.08 30.62 30.2 17.0 23.6 23.0 0.0 17.56C 36.8 17.5 25.0 100.0 59.0 86.9 0.554 0.572 -99.000 -99.000 -99.000 22.1 21.6 -9999.0 -9999.0 -9999.0
23907 2015-05-27 2.423 -98.08 30.62 27.5 18.7 23.1 23.1 5.0 14.03C 36.9 20.0 25.4 98.8 69.0 88.5 0.552 0.575 -99.000 -99.000 -99.000 23.0 22.6 -9999.0 -9999.0 -9999.0
23907 2015-05-28 2.423 -98.08 30.62 28.8 16.9 22.9 24.4 26.3 16.81C 36.7 18.4 26.8 98.7 66.6 84.0 0.514 0.546 -99.000 -99.000 -99.000 23.6 23.1 -9999.0 -9999.0 -9999.0
23907 2015-05-29 2.423 -98.08 30.62 30.9 16.5 23.7 22.9 10.4 28.12C 40.8 17.9 27.5 99.5 46.4 75.6 0.580 0.590 -99.000 -99.000 -99.000 22.9 22.5 -9999.0 -9999.0 -9999.0
23907 2015-05-30 2.423 -98.08 30.62 28.9 19.5 24.2 23.1 0.0 18.87C 39.7 21.0 26.9 96.8 49.1 74.9 0.497 0.533 -99.000 -99.000 -99.000 23.6 23.2 -9999.0 -9999.0 -9999.0
23907 2015-05-31 2.423 -98.08 30.62 28.2 17.6 22.9 22.5 0.0 25.99C 40.4 18.3 27.2 97.5 46.5 71.9 0.460 0.502 -99.000 -99.000 -99.000 23.3 23.0 -9999.0 -9999.0 -9999.0
23907 2015-06-01 2.423 -98.08 30.62 30.1 18.3 24.2 23.8 0.0 25.23C 44.7 19.0 29.0 92.5 43.2 68.9 0.430 0.475 -99.000 -99.000 -99.000 23.5 23.1 -9999.0 -9999.0 -9999.0
23907 2015-06-02 2.423 -98.08 30.62 30.3 19.5 24.9 24.7 0.0 22.87C 44.4 20.3 29.5 93.6 45.2 67.2 0.400 0.450 -99.000 -99.000 -99.000 24.0 23.6 -9999.0 -9999.0 -9999.0
23907 2015-06-03 2.423 -98.08 30.62 30.4 19.5 24.9 24.7 0.0 28.07C 46.0 20.4 30.8 93.2 45.3 66.7 0.370 0.423 -99.000 -99.000 -99.000 24.4 24.0 -9999.0 -9999.0 -9999.0
23907 2015-06-04 2.423 -98.08 30.62 30.9 19.3 25.1 24.8 0.0 28.19C 48.2 20.7 31.8 95.6 42.5 67.3 0.332 0.394 -99.000 -99.000 -99.000 24.9 24.5 -9999.0 -9999.0 -9999.0
23907 2015-06-05 2.423 -98.08 30.62 30.8 20.0 25.4 25.1 0.0 25.90C 48.0 21.3 32.0 97.8 41.0 69.4 0.295 0.370 -99.000 -99.000 -99.000 25.2 24.8 -9999.0 -9999.0 -9999.0
23907 2015-06-06 2.423 -98.08 30.62 31.7 20.6 26.1 25.7 0.0 25.84C 48.8 22.4 32.4 93.2 42.5 66.2 0.265 0.348 -99.000 -99.000 -99.000 25.5 25.0 -9999.0 -9999.0 -9999.0
23907 2015-06-07 2.423 -98.08 30.62 31.7 20.2 26.0 25.7 0.0 29.13C 49.0 21.7 33.2 91.8 37.7 63.4 0.240 0.324 -99.000 -99.000 -99.000 25.7 25.2 -9999.0 -9999.0 -9999.0
23907 2015-06-08 2.423 -98.08 30.62 33.4 0.0 16.7 26.3 0.0 29.44C 51.2 22.5 34.6 95.8 0.4 62.4 0.220 0.304 -99.000 -99.000 -99.000 26.5 25.8 -9999.0 -9999.0 -9999.0
23907 2015-06-09 2.423 -98.08 30.62 33.5 0.0 16.7 13.5 0.0 11.66C 51.6 21.0 32.3 32.9 0.4 11.3 0.204 0.286 -99.000 -99.000 -99.000 27.0 26.2 -9999.0 -9999.0 -9999.0
23907 2015-06-10 2.423 -98.08 30.62 33.2 21.5 27.4 27.4 0.0 27.89C 51.1 23.7 34.8 22.1 16.5 19.1 0.191 0.270 -99.000 -99.000 -99.000 27.3 26.6 -9999.0 -9999.0 -9999.0
23907 2015-06-11 2.423 -98.08 30.62 32.4 21.5 27.0 26.7 0.0 24.82C 50.2 23.4 33.3 20.9 17.7 19.3 0.182 0.259 -99.000 -99.000 -99.000 27.6 26.8 -9999.0 -9999.0 -9999.0
23907 2015-06-12 2.423 -98.08 30.62 33.6 23.3 28.4 27.3 0.0 25.92C 50.2 24.9 34.3 20.8 17.2 19.3 0.176 0.249 -99.000 -99.000 -99.000 28.1 27.3 -9999.0 -9999.0 -9999.0
23907 2015-06-13 2.423 -98.08 30.62 33.1 0.0 16.5 18.1 0.0 25.14C 59.7 25.3 37.5 -9999.0 -9999.0 -9999.0 0.171 0.242 -99.000 -99.000 -99.000 28.5 27.7 -9999.0 -9999.0 -9999.0
23907 2015-06-14 2.423 -98.08 30.62 28.2 20.5 24.4 23.2 15.2 12.32C 38.8 23.3 27.3 -9999.0 -9999.0 -9999.0 0.274 0.328 -99.000 -99.000 -99.000 26.7 26.7 -9999.0 -9999.0 -9999.0
23907 2015-06-15 2.423 -98.08 30.62 29.4 0.0 14.7 19.6 3.3 24.16C 74.8 23.4 37.5 -9999.0 -9999.0 -9999.0 0.328 0.365 -99.000 -99.000 -99.000 26.5 26.3 -9999.0 -9999.0 -9999.0
23907 2015-06-16 2.423 -98.08 30.62 26.9 21.5 24.2 23.3 3.8 10.49C 33.1 22.5 25.8 -9999.0 -9999.0 -9999.0 0.356 0.393 -99.000 -99.000 -99.000 25.8 25.8 -9999.0 -9999.0 -9999.0
23907 2015-06-17 2.423 -98.08 30.62 31.3 0.0 15.6 20.0 1.5 21.07C 76.9 21.7 32.8 -9999.0 -9999.0 -9999.0 0.378 0.407 -99.000 -99.000 -99.000 25.8 25.6 -9999.0 -9999.0 -9999.0
23907 2015-06-18 2.423 -98.08 30.62 32.2 0.0 16.1 23.5 -9999.0 19.86C 62.4 22.7 31.3 -9999.0 -9999.0 -9999.0 0.352 0.379 -99.000 -99.000 -99.000 26.4 26.1 -9999.0 -9999.0 -9999.0
23907 2015-06-19 2.423 -98.08 30.62 28.8 21.7 25.2 25.0 0.0 14.79C 37.9 23.5 28.6 32.2 5.5 14.3 0.323 0.350 -99.000 -99.000 -99.000 26.1 25.9 -9999.0 -9999.0 -9999.0
23907 2015-06-20 2.423 -98.08 30.62 25.8 20.8 23.3 23.1 3.8 6.61C 29.1 22.2 25.1 -9999.0 -9999.0 -9999.0 0.314 0.336 -99.000 -99.000 -99.000 25.4 25.5 -9999.0 -9999.0 -9999.0
23907 2015-06-21 2.423 -98.08 30.62 28.4 20.4 24.4 23.7 7.5 13.91C 33.8 22.7 26.1 -9999.0 -9999.0 -9999.0 0.357 0.358 -99.000 -99.000 -99.000 25.2 25.1 -9999.0 -9999.0 -9999.0
23907 2015-06-22 2.423 -98.08 30.62 30.7 21.2 25.9 25.4 0.0 19.64C 42.2 23.1 29.0 -9999.0 -9999.0 -9999.0 0.393 0.423 -99.000 -99.000 -99.000 25.8 25.5 -9999.0 -9999.0 -9999.0
23907 2015-06-23 2.423 -98.08 30.62 32.5 22.3 27.4 26.5 0.0 26.83C 44.6 22.9 31.9 -9999.0 -9999.0 -9999.0 0.358 0.386 -99.000 -99.000 -99.000 26.6 26.1 -9999.0 -9999.0 -9999.0
23907 2015-06-24 2.423 -98.08 30.62 31.9 21.4 26.7 26.1 0.0 23.86C 45.8 22.9 31.9 -9999.0 -9999.0 -9999.0 0.318 0.342 -99.000 -99.000 -99.000 26.8 26.4 -9999.0 -9999.0 -9999.0
23907 2015-06-25 2.423 -98.08 30.62 32.7 22.0 27.3 26.9 0.0 27.59C 49.4 23.6 33.5 68.6 6.8 30.7 0.282 0.304 -99.000 -99.000 -99.000 27.2 26.7 -9999.0 -9999.0 -9999.0
23907 2015-06-26 2.423 -98.08 30.62 33.1 22.7 27.9 27.5 0.0 24.73C 48.7 24.7 33.9 64.8 2.1 27.9 0.250 0.278 -99.000 -99.000 -99.000 27.6 27.1 -9999.0 -9999.0 -9999.0
23907 2015-06-27 2.423 -98.08 30.62 32.9 22.2 27.5 26.4 0.0 21.49C 49.8 26.0 33.4 36.3 0.8 16.9 0.226 0.263 -99.000 -99.000 -99.000 27.7 27.3 -9999.0 -9999.0 -9999.0
23907 2015-06-28 2.423 -98.08 30.62 31.4 21.5 26.4 24.4 7.3 13.99C 47.3 24.1 29.2 -9999.0 -9999.0 -9999.0 0.243 0.253 -99.000 -99.000 -99.000 26.7 26.6 -9999.0 -9999.0 -9999.0
23907 2015-06-29 2.423 -98.08 30.62 32.1 22.1 27.1 26.8 0.0 24.48C 42.3 23.0 31.2 -9999.0 -9999.0 -9999.0 0.269 0.253 -99.000 -99.000 -99.000 27.0 26.6 -9999.0 -9999.0 -9999.0
23907 2015-06-30 2.423 -98.08 30.62 33.4 22.0 27.7 25.6 22.5 23.09C 47.2 23.8 31.0 -9999.0 -9999.0 -9999.0 0.313 0.331 -99.000 -99.000 -99.000 27.2 26.9 -9999.0 -9999.0 -9999.0
23907 2015-07-01 2.423 -98.08 30.62 31.3 20.6 26.0 24.6 0.0 23.28C 41.8 21.7 28.8 97.0 18.0 56.9 0.421 0.465 -99.000 -99.000 -99.000 26.4 26.3 -9999.0 -9999.0 -9999.0
23907 2015-07-02 2.423 -98.08 30.62 30.9 19.8 25.3 24.9 0.0 23.25C 42.1 20.9 29.1 95.0 14.3 48.6 0.385 0.425 -99.000 -99.000 -99.000 26.1 25.9 -9999.0 -9999.0 -9999.0
23907 2015-07-03 2.423 -98.08 30.62 31.6 22.6 27.1 26.5 0.0 22.39C 43.9 23.3 31.0 -9999.0 -9999.0 -9999.0 0.353 0.394 -99.000 -99.000 -99.000 26.6 26.3 -9999.0 -9999.0 -9999.0
23907 2015-07-04 2.423 -98.08 30.62 32.3 22.1 27.2 26.7 0.0 24.43C 46.4 23.5 32.3 -9999.0 -9999.0 -9999.0 0.320 0.359 -99.000 -99.000 -99.000 27.1 26.6 -9999.0 -9999.0 -9999.0
23907 2015-07-05 2.423 -98.08 30.62 32.3 23.2 27.7 26.8 0.0 22.93C 47.2 24.8 32.5 65.4 18.5 45.8 0.286 0.326 -99.000 -99.000 -99.000 27.3 26.9 -9999.0 -9999.0 -9999.0
23907 2015-07-06 2.423 -98.08 30.62 31.6 23.2 27.4 26.9 0.0 25.48C 46.1 24.2 32.6 75.6 14.5 43.9 0.257 0.299 -99.000 -99.000 -99.000 27.2 27.0 -9999.0 -9999.0 -9999.0
23907 2015-07-07 2.423 -98.08 30.62 30.9 23.9 27.4 26.7 0.0 15.95C 41.6 25.2 30.8 77.6 18.6 51.0 0.236 0.283 -99.000 -99.000 -99.000 27.1 26.9 -9999.0 -9999.0 -9999.0
23907 2015-07-08 2.423 -98.08 30.62 30.7 24.2 27.5 26.7 0.0 19.74C 43.0 25.3 31.3 74.1 14.3 45.9 0.221 0.272 -99.000 -99.000 -99.000 27.1 26.8 -9999.0 -9999.0 -9999.0
23907 2015-07-09 2.423 -98.08 30.62 32.9 22.9 27.9 27.2 0.0 27.10C 48.6 23.6 33.2 -9999.0 -9999.0 -9999.0 0.206 0.261 -99.000 -99.000 -99.000 27.5 27.1 -9999.0 -9999.0 -9999.0
23907 2015-07-10 2.423 -98.08 30.62 33.0 21.7 27.3 26.8 0.0 24.22C 48.0 23.3 32.8 -9999.0 -9999.0 -9999.0 0.192 0.251 -99.000 -99.000 -99.000 27.7 27.2 -9999.0 -9999.0 -9999.0
23907 2015-07-11 2.423 -98.08 30.62 33.2 21.9 27.5 27.0 0.0 28.55C 50.3 23.3 34.2 -9999.0 -9999.0 -9999.0 0.183 0.244 -99.000 -99.000 -99.000 28.1 27.6 -9999.0 -9999.0 -9999.0
23907 2015-07-12 2.423 -98.08 30.62 34.1 21.7 27.9 27.8 0.0 26.94C 50.9 23.8 34.8 -9999.0 -9999.0 -9999.0 0.175 0.238 -99.000 -99.000 -99.000 28.6 27.9 -9999.0 -9999.0 -9999.0
23907 2015-07-13 2.423 -98.08 30.62 35.5 22.6 29.1 28.8 0.0 28.29C 52.5 24.8 36.0 -9999.0 -9999.0 -9999.0 0.169 0.233 -99.000 -99.000 -99.000 29.3 28.5 -9999.0 -9999.0 -9999.0
23907 2015-07-14 2.423 -98.08 30.62 36.0 21.8 28.9 28.3 0.0 28.69C 52.3 24.1 35.6 -9999.0 -9999.0 -9999.0 0.163 0.228 -99.000 -99.000 -99.000 29.4 28.7 -9999.0 -9999.0 -9999.0
23907 2015-07-15 2.423 -98.08 30.62 34.5 22.0 28.3 27.7 0.0 28.70C 52.1 24.3 35.4 90.3 11.4 49.1 0.157 0.223 -99.000 -99.000 -99.000 29.5 28.8 -9999.0 -9999.0 -9999.0
23907 2015-01-01 2.423 -98.08 30.62 2.2 -0.6 0.8 0.9 6.2 1.47C 3.7 1.1 2.5 99.9 85.4 97.2 0.369 0.308 -99.000 -99.000 -99.000 7.0 8.1 -9999.0 -9999.0 -9999.0
23907 2015-01-02 2.423 -98.08 30.62 3.5 1.3 2.4 2.2 9.0 1.43C 4.9 2.3 3.1 100.0 98.8 99.8 0.391 0.327 -99.000 -99.000 -99.000 7.1 7.9 -9999.0 -9999.0 -9999.0
23907 2015-01-03 2.423 -98.08 30.62 15.9 2.3 9.1 7.5 2.9 11.00C 16.4 2.9 7.3 100.0 34.8 73.7 0.450 0.397 -99.000 -99.000 -99.000 7.6 7.9 -9999.0 -9999.0 -9999.0
23907 2015-01-04 2.423 -98.08 30.62 9.2 -1.3 3.9 4.2 0.0 13.24C 12.4 -0.5 4.9 82.0 40.6 61.7 0.414 0.352 -99.000 -99.000 -99.000 7.3 7.9 -9999.0 -9999.0 -9999.0
23907 2015-01-05 2.423 -98.08 30.62 10.9 -3.7 3.6 2.6 0.0 13.37C 14.7 -3.0 3.8 77.9 33.3 57.4 0.399 0.340 -99.000 -99.000 -99.000 6.3 7.0 -9999.0 -9999.0 -9999.0
23907 2015-01-06 2.423 -98.08 30.62 20.2 2.9 11.6 10.9 0.0 12.90C 22.0 1.6 9.9 67.7 30.2 49.3 0.395 0.335 -99.000 -99.000 -99.000 8.0 8.0 -9999.0 -9999.0 -9999.0
23907 2015-01-07 2.423 -98.08 30.62 10.9 -3.4 3.8 4.5 0.0 12.68C 12.4 -2.1 5.5 82.7 36.5 55.7 0.387 0.328 -99.000 -99.000 -99.000 7.6 8.3 -9999.0 -9999.0 -9999.0
23907 2015-01-08 2.423 -98.08 30.62 0.6 -7.9 -3.6 -3.3 0.0 4.98C 3.9 -4.8 -0.5 57.7 37.6 48.1 0.372 0.316 -99.000 -99.000 -99.000 4.7 6.1 -9999.0 -9999.0 -9999.0
23907 2015-01-09 2.423 -98.08 30.62 2.0 0.1 1.0 0.8 0.0 2.52C 4.1 1.2 2.5 87.8 48.9 64.4 0.368 0.312 -99.000 -99.000 -99.000 5.4 6.2 -9999.0 -9999.0 -9999.0
23907 2015-01-10 2.423 -98.08 30.62 0.5 -2.0 -0.8 -0.6 3.3 2.11C 2.5 -0.1 1.4 99.9 47.7 85.8 0.373 0.314 -99.000 -99.000 -99.000 5.1 6.0 -9999.0 -9999.0 -9999.0
23907 2015-01-11 2.423 -98.08 30.62 10.9 0.0 5.4 4.4 2.9 6.38C 12.7 1.3 5.8 100.0 77.8 97.1 0.420 0.362 -99.000 -99.000 -99.000 6.5 6.7 -9999.0 -9999.0 -9999.0
23907 2015-01-12 2.423 -98.08 30.62 6.5 1.4 4.0 4.3 0.0 1.55C 6.9 2.7 5.1 100.0 89.4 97.8 0.412 0.350 -99.000 -99.000 -99.000 7.3 7.5 -9999.0 -9999.0 -9999.0
23907 2015-01-13 2.423 -98.08 30.62 3.0 -0.7 1.1 1.2 0.0 3.26C 5.6 0.7 2.9 99.7 80.7 90.7 0.401 0.337 -99.000 -99.000 -99.000 6.1 6.8 -9999.0 -9999.0 -9999.0
23907 2015-01-14 2.423 -98.08 30.62 2.9 0.9 1.9 1.8 0.0 1.88C 4.7 2.0 3.1 99.6 90.8 97.9 0.395 0.331 -99.000 -99.000 -99.000 6.1 6.7 -9999.0 -9999.0 -9999.0
23907 2015-01-15 2.423 -98.08 30.62 13.2 1.2 7.2 6.4 0.0 13.37C 16.4 1.4 6.7 98.9 46.7 73.4 0.395 0.333 -99.000 -99.000 -99.000 6.7 7.0 -9999.0 -9999.0 -9999.0
23907 2015-01-16 2.423 -98.08 30.62 16.7 3.5 10.1 9.9 0.0 13.68C 19.2 1.3 8.7 80.2 38.1 58.2 0.391 0.330 -99.000 -99.000 -99.000 7.3 7.4 -9999.0 -9999.0 -9999.0
23907 2015-01-17 2.423 -98.08 30.62 19.5 5.0 12.2 12.3 0.0 10.96C 20.9 3.3 10.6 87.7 30.4 55.7 0.388 0.327 -99.000 -99.000 -99.000 8.7 8.4 -9999.0 -9999.0 -9999.0
23907 2015-01-18 2.423 -98.08 30.62 20.9 7.6 14.3 13.7 0.0 15.03C 23.4 3.5 11.9 45.9 14.6 31.4 0.383 0.325 -99.000 -99.000 -99.000 9.5 9.2 -9999.0 -9999.0 -9999.0
23907 2015-01-19 2.423 -98.08 30.62 23.9 6.7 15.3 14.3 0.0 14.10C 25.6 3.8 12.6 65.3 26.8 45.6 0.376 0.321 -99.000 -99.000 -99.000 9.9 9.5 -9999.0 -9999.0 -9999.0
23907 2015-01-20 2.423 -98.08 30.62 26.0 9.5 17.8 15.9 0.0 14.57C 27.9 6.5 14.5 88.4 16.1 50.2 0.373 0.320 -99.000 -99.000 -99.000 10.9 10.4 -9999.0 -9999.0 -9999.0
23907 2015-01-21 2.423 -98.08 30.62 11.0 6.9 8.9 8.9 1.7 2.71C 13.1 6.8 9.7 99.2 68.0 88.1 0.369 0.317 -99.000 -99.000 -99.000 10.7 10.6 -9999.0 -9999.0 -9999.0
23907 2015-01-22 2.423 -98.08 30.62 8.6 3.5 6.1 5.6 39.6 1.28C 9.1 4.1 6.3 99.6 95.2 98.0 0.546 0.418 -99.000 -99.000 -99.000 9.0 9.3 -9999.0 -9999.0 -9999.0
23907 2015-01-23 2.423 -98.08 30.62 9.4 2.2 5.8 4.2 7.4 6.58C 11.1 2.0 4.8 98.4 58.8 86.5 0.554 0.409 -99.000 -99.000 -99.000 7.6 8.1 -9999.0 -9999.0 -9999.0
23907 2015-01-24 2.423 -98.08 30.62 16.0 1.4 8.7 8.0 0.0 14.26C 18.8 0.4 7.7 92.0 33.0 63.0 0.494 0.381 -99.000 -99.000 -99.000 7.7 7.9 -9999.0 -9999.0 -9999.0
23907 2015-01-25 2.423 -98.08 30.62 20.2 6.4 13.3 12.7 0.0 14.99C 22.0 4.4 11.0 69.2 18.9 43.8 0.456 0.357 -99.000 -99.000 -99.000 9.1 8.9 -9999.0 -9999.0 -9999.0
23907 2015-01-26 2.423 -98.08 30.62 21.5 7.2 14.4 14.1 0.0 12.01C 22.9 5.5 12.2 56.8 23.7 40.6 0.433 0.349 -99.000 -99.000 -99.000 10.0 9.7 -9999.0 -9999.0 -9999.0
23907 2015-01-27 2.423 -98.08 30.62 26.5 10.7 18.6 17.5 0.0 15.18C 28.9 8.1 15.5 52.2 21.4 38.8 0.420 0.344 -99.000 -99.000 -99.000 11.4 10.8 -9999.0 -9999.0 -9999.0
23907 2015-01-28 2.423 -98.08 30.62 26.3 13.3 19.8 19.1 0.0 15.11C 28.1 7.9 16.3 54.9 19.4 35.5 0.410 0.339 -99.000 -99.000 -99.000 12.1 11.5 -9999.0 -9999.0 -9999.0
23907 2015-01-29 2.423 -98.08 30.62 23.1 9.8 16.5 16.4 0.0 13.74C 27.4 9.7 16.4 87.0 34.2 55.6 0.402 0.334 -99.000 -99.000 -99.000 13.1 12.4 -9999.0 -9999.0 -9999.0
23907 2015-01-30 2.423 -98.08 30.62 13.0 6.9 10.0 9.0 0.0 7.19C 19.2 8.3 11.0 67.6 48.4 58.8 0.389 0.328 -99.000 -99.000 -99.000 11.6 11.8 -9999.0 -9999.0 -9999.0
23907 2015-01-31 2.423 -98.08 30.62 15.1 7.4 11.3 10.2 8.5 1.18C 14.5 8.4 10.7 100.0 63.1 90.3 0.401 0.337 -99.000 -99.000 -99.000 11.2 11.3 -9999.0 -9999.0 -9999.0
23907 2015-02-01 2.423 -98.08 30.62 18.3 3.9 11.1 13.3 0.0 8.69C 22.1 4.1 13.8 98.8 53.6 79.1 0.450 0.386 -99.000 -99.000 -99.000 12.9 12.6 -9999.0 -9999.0 -9999.0
23907 2015-02-02 2.423 -98.08 30.62 8.0 -1.9 3.1 3.3 0.0 12.48C 15.2 -0.6 5.8 69.4 34.8 54.2 0.420 0.354 -99.000 -99.000 -99.000 9.3 10.1 -9999.0 -9999.0 -9999.0
23907 2015-02-03 2.423 -98.08 30.62 5.3 2.3 3.8 3.8 0.7 2.69C 8.3 3.9 5.7 100.0 65.1 82.6 0.409 0.343 -99.000 -99.000 -99.000 8.7 9.3 -9999.0 -9999.0 -9999.0
23907 2015-02-04 2.423 -98.08 30.62 11.8 4.3 8.1 7.9 0.0 4.41C 13.8 5.5 8.8 100.0 80.6 94.1 0.410 0.344 -99.000 -99.000 -99.000 9.6 9.8 -9999.0 -9999.0 -9999.0
23907 2015-02-05 2.423 -98.08 30.62 9.4 0.7 5.0 3.1 0.0 4.90C 9.3 2.8 5.6 97.3 68.8 81.4 0.402 0.336 -99.000 -99.000 -99.000 8.6 9.3 -9999.0 -9999.0 -9999.0
23907 2015-02-06 2.423 -98.08 30.62 15.3 0.8 8.0 7.4 0.0 14.67C 20.9 1.8 9.3 95.9 50.7 75.9 0.396 0.331 -99.000 -99.000 -99.000 9.1 9.2 -9999.0 -9999.0 -9999.0
23907 2015-02-07 2.423 -98.08 30.62 19.8 5.9 12.8 12.0 0.2 16.75C 23.8 4.8 12.0 96.8 48.6 76.2 0.393 0.329 -99.000 -99.000 -99.000 10.5 10.2 -9999.0 -9999.0 -9999.0
23907 2015-02-08 2.423 -98.08 30.62 26.3 12.3 19.3 17.7 0.0 16.54C 29.8 10.8 17.3 96.6 25.4 65.2 0.393 0.332 -99.000 -99.000 -99.000 13.0 12.2 -9999.0 -9999.0 -9999.0
23907 2015-02-09 2.423 -98.08 30.62 26.6 13.6 20.1 19.3 0.0 16.90C 31.1 10.3 17.8 64.6 19.7 40.0 0.388 0.329 -99.000 -99.000 -99.000 13.5 12.9 -9999.0 -9999.0 -9999.0
23907 2015-02-10 2.423 -98.08 30.62 26.0 12.7 19.4 18.7 0.0 17.09C 30.3 9.5 17.6 61.3 26.5 40.1 0.381 0.325 -99.000 -99.000 -99.000 13.6 13.0 -9999.0 -9999.0 -9999.0
23907 2015-02-11 2.423 -98.08 30.62 23.0 10.6 16.8 16.3 0.0 16.50C 29.2 8.1 16.8 77.6 29.9 55.8 0.375 0.323 -99.000 -99.000 -99.000 14.0 13.5 -9999.0 -9999.0 -9999.0
23907 2015-02-12 2.423 -98.08 30.62 14.8 5.6 10.2 9.4 0.0 12.60C 22.8 6.8 11.9 71.2 32.3 52.2 0.363 0.317 -99.000 -99.000 -99.000 12.3 12.7 -9999.0 -9999.0 -9999.0
23907 2015-02-13 2.423 -98.08 30.62 18.9 4.7 11.8 11.5 0.0 12.25C 26.3 4.5 12.3 65.6 37.7 50.7 0.356 0.310 -99.000 -99.000 -99.000 11.4 11.7 -9999.0 -9999.0 -9999.0
23907 2015-02-14 2.423 -98.08 30.62 24.3 10.8 17.5 16.7 0.0 16.94C 31.3 8.8 17.1 77.8 29.3 56.9 0.354 0.310 -99.000 -99.000 -99.000 13.3 12.8 -9999.0 -9999.0 -9999.0
23907 2015-02-15 2.423 -98.08 30.62 20.2 13.3 16.8 15.9 0.0 5.79C 23.9 12.8 16.2 96.0 65.3 83.9 0.353 0.312 -99.000 -99.000 -99.000 14.5 13.9 -9999.0 -9999.0 -9999.0
23907 2015-02-16 2.423 -98.08 30.62 17.6 0.0 8.8 5.0 0.7 4.87C 17.1 2.5 7.4 98.3 66.4 83.8 0.345 0.306 -99.000 -99.000 -99.000 11.9 12.8 -9999.0 -9999.0 -9999.0
23907 2015-02-17 2.423 -98.08 30.62 11.2 -0.4 5.4 4.3 0.0 13.36C 18.6 1.3 6.8 80.6 36.6 57.9 0.337 0.298 -99.000 -99.000 -99.000 9.3 10.3 -9999.0 -9999.0 -9999.0
23907 2015-02-18 2.423 -98.08 30.62 17.2 -0.4 8.4 9.1 0.0 18.48C 25.1 0.5 10.1 80.9 21.1 46.1 0.334 0.294 -99.000 -99.000 -99.000 9.5 10.0 -9999.0 -9999.0 -9999.0
23907 2015-02-19 2.423 -98.08 30.62 19.2 5.7 12.4 12.3 0.0 17.70C 26.0 4.1 13.2 79.1 35.7 56.9 0.333 0.295 -99.000 -99.000 -99.000 11.1 11.0 -9999.0 -9999.0 -9999.0
23907 2015-02-20 2.423 -98.08 30.62 22.0 11.9 16.9 16.7 0.0 8.41C 25.9 10.7 16.7 85.5 55.7 76.5 0.336 0.298 -99.000 -99.000 -99.000 13.6 12.9 -9999.0 -9999.0 -9999.0
23907 2015-02-21 2.423 -98.08 30.62 22.9 9.3 16.1 17.2 0.0 11.83C 31.1 10.6 18.9 86.5 51.1 74.3 0.336 0.302 -99.000 -99.000 -99.000 15.6 14.7 -9999.0 -9999.0 -9999.0
23907 2015-02-22 2.423 -98.08 30.62 10.7 0.1 5.4 7.3 1.6 1.85C 12.7 2.2 9.2 100.0 76.7 91.8 0.327 0.296 -99.000 -99.000 -99.000 12.7 13.3 -9999.0 -9999.0 -9999.0
23907 2015-02-23 2.423 -98.08 30.62 0.1 -3.5 -1.7 -2.2 0.3 2.37C 2.2 -1.2 0.1 99.3 95.1 97.2 0.317 0.286 -99.000 -99.000 -99.000 8.0 9.8 -9999.0 -9999.0 -9999.0
23907 2015-02-24 2.423 -98.08 30.62 0.7 -3.4 -1.4 -1.5 0.0 3.98C 4.9 -1.3 1.2 99.9 93.6 97.2 0.316 0.282 -99.000 -99.000 -99.000 6.8 8.1 -9999.0 -9999.0 -9999.0
23907 2015-02-25 2.423 -98.08 30.62 15.4 0.1 7.7 6.4 0.0 17.04C 19.8 1.7 8.0 99.9 30.3 70.4 0.330 0.285 -99.000 -99.000 -99.000 8.3 8.7 -9999.0 -9999.0 -9999.0
23907 2015-02-26 2.423 -98.08 30.62 6.0 0.0 3.0 2.9 0.0 6.77C 9.8 1.9 4.2 88.0 58.1 75.5 0.331 0.285 -99.000 -99.000 -99.000 7.6 8.5 -9999.0 -9999.0 -9999.0
23907 2015-02-27 2.423 -98.08 30.62 0.0 -2.7 -1.3 -1.4 0.0 2.56C 2.9 -0.9 1.0 99.1 57.5 77.6 0.324 0.280 -99.000 -99.000 -99.000 6.1 7.3 -9999.0 -9999.0 -9999.0
23907 2015-02-28 2.423 -98.08 30.62 0.0 -3.1 -1.6 -1.5 1.5 1.93C 1.7 -1.2 0.2 99.9 96.4 98.8 0.323 0.279 -99.000 -99.000 -99.000 5.3 6.5 -9999.0 -9999.0 -9999.0
23907 2015-03-01 2.423 -98.08 30.62 4.5 -0.2 2.1 1.9 3.9 3.44C 6.4 0.7 3.0 100.0 99.5 99.9 0.370 0.307 -99.000 -99.000 -99.000 5.8 6.5 -9999.0 -9999.0 -9999.0
23907 2015-03-02 2.423 -98.08 30.62 4.9 1.5 3.2 3.1 2.0 3.68C 7.5 2.2 4.3 100.0 97.7 99.7 0.394 0.327 -99.000 -99.000 -99.000 6.5 6.9 -9999.0 -9999.0 -9999.0
23907 2015-03-06 2.423 -98.08 30.62 12.9 -3.2 4.8 4.1 0.0 22.65C 22.9 -2.6 7.4 68.0 28.6 49.4 0.418 0.348 -99.000 -99.000 -99.000 6.7 7.1 -9999.0 -9999.0 -9999.0
23907 2015-03-07 2.423 -98.08 30.62 13.7 4.4 9.0 8.7 0.0 8.80C 20.1 3.9 10.8 59.9 29.7 46.1 0.410 0.342 -99.000 -99.000 -99.000 8.4 8.3 -9999.0 -9999.0 -9999.0
23907 2015-03-08 2.423 -98.08 30.62 10.4 6.8 8.6 8.8 1.8 2.00C 11.9 8.2 10.0 100.0 51.9 94.7 0.412 0.345 -99.000 -99.000 -99.000 9.5 9.3 -9999.0 -9999.0 -9999.0
23907 2015-03-09 2.423 -98.08 30.62 11.3 8.1 9.7 9.4 39.0 2.35C 13.2 8.9 10.3 100.0 95.9 99.2 0.572 0.427 -99.000 -99.000 -99.000 9.9 9.7 -9999.0 -9999.0 -9999.0
23907 2015-03-10 2.423 -98.08 30.62 15.0 8.4 11.7 11.6 0.0 8.06C 18.6 7.6 12.7 99.8 66.5 85.3 0.520 0.393 -99.000 -99.000 -99.000 10.8 10.5 -9999.0 -9999.0 -9999.0
23907 2015-03-11 2.423 -98.08 30.62 15.1 10.3 12.7 11.8 0.0 4.78C 17.5 10.2 12.6 91.3 70.4 84.1 0.474 0.373 -99.000 -99.000 -99.000 11.4 11.1 -9999.0 -9999.0 -9999.0
23907 2015-03-12 2.423 -98.08 30.62 22.6 9.4 16.0 14.7 0.0 19.57C 29.5 8.3 16.3 95.4 44.8 75.5 0.454 0.363 -99.000 -99.000 -99.000 12.6 12.0 -9999.0 -9999.0 -9999.0
23907 2015-03-13 2.423 -98.08 30.62 23.4 10.4 16.9 16.3 0.0 17.64C 30.6 10.2 17.6 100.0 35.4 68.8 0.438 0.357 -99.000 -99.000 -99.000 13.7 13.0 -9999.0 -9999.0 -9999.0
23907 2015-03-14 2.423 -98.08 30.62 23.5 11.0 17.2 16.3 0.0 20.38C 32.1 10.5 18.1 92.0 33.0 62.5 0.424 0.348 -99.000 -99.000 -99.000 14.2 13.6 -9999.0 -9999.0 -9999.0
23907 2015-03-15 2.423 -98.08 30.62 18.8 9.5 14.1 13.9 0.0 13.34C 29.6 9.4 16.1 91.7 59.5 76.2 0.411 0.340 -99.000 -99.000 -99.000 13.9 13.5 -9999.0 -9999.0 -9999.0
23907 2015-03-16 2.423 -98.08 30.62 24.7 11.1 17.9 17.3 0.0 13.97C 31.7 9.9 18.9 95.7 44.1 74.7 0.404 0.336 -99.000 -99.000 -99.000 14.7 14.0 -9999.0 -9999.0 -9999.0
23907 2015-03-17 2.423 -98.08 30.62 23.2 16.2 19.7 18.7 0.0 7.08C 29.4 16.7 20.0 98.1 66.7 87.1 0.401 0.338 -99.000 -99.000 -99.000 16.5 15.6 -9999.0 -9999.0 -9999.0
23907 2015-03-18 2.423 -98.08 30.62 25.4 15.0 20.2 19.4 0.5 16.96C 35.4 15.2 22.0 99.2 51.3 79.1 0.398 0.339 -99.000 -99.000 -99.000 17.4 16.5 -9999.0 -9999.0 -9999.0
23907 2015-03-19 2.423 -98.08 30.62 26.6 16.3 21.4 20.5 0.0 13.17C 37.3 16.5 22.6 99.4 52.9 81.2 0.394 0.340 -99.000 -99.000 -99.000 18.3 17.3 -9999.0 -9999.0 -9999.0
23907 2015-03-20 2.423 -98.08 30.62 19.6 12.2 15.9 15.8 9.4 2.77C 20.0 13.7 17.3 99.5 89.2 96.6 0.417 0.359 -99.000 -99.000 -99.000 17.3 17.0 -9999.0 -9999.0 -9999.0
23907 2015-03-21 2.423 -98.08 30.62 14.2 11.5 12.8 12.7 20.6 2.86C 16.9 12.5 14.1 100.0 95.0 98.6 0.563 0.444 -99.000 -99.000 -99.000 15.1 15.1 -9999.0 -9999.0 -9999.0
23907 2015-03-22 2.423 -98.08 30.62 22.5 12.9 17.7 16.5 0.0 20.84C 32.0 12.9 19.5 100.0 54.0 81.5 0.522 0.411 -99.000 -99.000 -99.000 16.2 15.8 -9999.0 -9999.0 -9999.0
23907 2015-03-23 2.423 -98.08 30.62 27.2 11.7 19.4 18.6 0.0 23.99C 36.0 10.9 21.2 100.0 33.3 73.4 0.472 0.385 -99.000 -99.000 -99.000 17.0 16.4 -9999.0 -9999.0 -9999.0
23907 2015-03-24 2.423 -98.08 30.62 29.1 15.0 22.0 21.1 0.0 23.74C 36.3 14.2 23.1 97.1 36.2 69.3 0.450 0.377 -99.000 -99.000 -99.000 18.5 17.7 -9999.0 -9999.0 -9999.0
23907 2015-03-25 2.423 -98.08 30.62 28.8 14.2 21.5 20.4 0.0 22.86C 38.6 14.2 23.4 99.2 37.0 71.9 0.432 0.367 -99.000 -99.000 -99.000 19.1 18.4 -9999.0 -9999.0 -9999.0
23907 2015-03-26 2.423 -98.08 30.62 19.1 10.2 14.6 14.2 0.0 20.72C 30.2 10.8 18.4 91.6 28.3 58.1 0.412 0.353 -99.000 -99.000 -99.000 16.9 17.3 -9999.0 -9999.0 -9999.0
23907 2015-03-27 2.423 -98.08 30.62 25.6 7.3 16.5 16.9 0.0 25.07C 36.8 7.8 19.6 63.3 17.5 36.6 0.394 0.336 -99.000 -99.000 -99.000 15.8 15.9 -9999.0 -9999.0 -9999.0
23907 2015-03-28 2.423 -98.08 30.62 28.6 11.0 19.8 20.0 0.0 25.15C 38.8 10.3 22.0 67.7 17.9 38.2 0.381 0.329 -99.000 -99.000 -99.000 16.8 16.5 -9999.0 -9999.0 -9999.0
23907 2015-03-29 2.423 -98.08 30.62 28.3 13.9 21.1 20.7 0.0 25.00C 39.0 12.9 23.4 87.6 31.2 57.4 0.368 0.323 -99.000 -99.000 -99.000 18.2 17.6 -9999.0 -9999.0 -9999.0
23907 2015-03-30 2.423 -98.08 30.62 25.4 16.8 21.1 20.1 0.0 15.51C 37.0 17.2 23.7 93.5 58.4 78.9 0.359 0.319 -99.000 -99.000 -99.000 19.5 18.7 -9999.0 -9999.0 -9999.0
23907 2015-03-31 2.423 -98.08 30.62 27.1 17.9 22.5 21.1 0.0 22.51C 40.8 18.8 25.7 95.2 45.4 73.6 0.350 0.315 -99.000 -99.000 -99.000 20.2 19.5 -9999.0 -9999.0 -9999.0
23907 2015-04-01 2.423 -98.08 30.62 26.4 18.5 22.5 21.5 0.0 14.56C 36.6 18.5 24.4 94.2 47.7 76.8 0.341 0.309 -99.000 -99.000 -99.000 20.5 19.9 -9999.0 -9999.0 -9999.0
23907 2015-04-02 2.423 -98.08 30.62 28.5 19.1 23.8 22.4 0.0 18.31C 41.0 20.2 26.1 97.7 54.5 81.0 0.333 0.306 -99.000 -99.000 -99.000 21.3 20.5 -9999.0 -9999.0 -9999.0
23907 2015-04-03 2.423 -98.08 30.62 28.6 16.6 22.6 21.4 0.0 17.15C 42.0 19.6 25.8 92.7 42.8 65.8 0.323 0.300 -99.000 -99.000 -99.000 21.1 20.6 -9999.0 -9999.0 -9999.0
23907 2015-04-04 2.423 -98.08 30.62 19.1 9.4 14.2 14.7 1.6 11.83C 27.5 12.2 18.9 80.7 43.1 56.6 0.311 0.284 -99.000 -99.000 -99.000 18.1 18.6 -9999.0 -9999.0 -9999.0
23907 2015-04-05 2.423 -98.08 30.62 18.3 13.6 15.9 15.5 0.6 3.61C 20.5 15.9 17.5 99.9 62.7 90.8 0.307 0.280 -99.000 -99.000 -99.000 17.8 18.0 -9999.0 -9999.0 -9999.0
23907 2015-04-06 2.423 -98.08 30.62 28.5 17.6 23.0 22.4 0.0 22.85C 38.4 17.5 25.2 99.7 49.1 74.3 0.308 0.281 -99.000 -99.000 -99.000 20.2 19.4 -9999.0 -9999.0 -9999.0
23907 2015-04-07 2.423 -98.08 30.62 29.9 18.4 24.1 23.0 0.0 16.84C 39.4 18.4 25.8 93.7 44.6 73.6 0.303 0.279 -99.000 -99.000 -99.000 21.3 20.6 -9999.0 -9999.0 -9999.0
23907 2015-04-08 2.423 -98.08 30.62 24.1 18.5 21.3 21.1 0.0 5.13C 26.9 18.9 21.9 94.7 73.6 84.1 0.295 0.276 -99.000 -99.000 -99.000 20.8 20.4 -9999.0 -9999.0 -9999.0
23907 2015-04-09 2.423 -98.08 30.62 28.9 17.7 23.3 23.0 1.1 14.54C 38.9 18.2 24.7 92.7 54.5 75.3 0.290 0.273 -99.000 -99.000 -99.000 21.3 20.6 -9999.0 -9999.0 -9999.0
23907 2015-04-10 2.423 -98.08 30.62 23.4 12.0 17.7 16.9 1.9 15.88C 32.1 14.7 19.8 90.9 34.6 63.5 0.283 0.267 -99.000 -99.000 -99.000 19.4 19.6 -9999.0 -9999.0 -9999.0
23907 2015-04-11 2.423 -98.08 30.62 19.8 13.3 16.6 16.5 0.0 4.37C 23.0 15.2 18.9 99.9 81.8 93.3 0.281 0.265 -99.000 -99.000 -99.000 18.7 18.8 -9999.0 -9999.0 -9999.0
23907 2015-04-12 2.423 -98.08 30.62 25.6 18.1 21.8 20.8 0.0 9.59C 33.3 18.6 22.3 99.8 64.7 88.0 0.283 0.266 -99.000 -99.000 -99.000 20.2 19.7 -9999.0 -9999.0 -9999.0
23907 2015-04-13 2.423 -98.08 30.62 29.3 16.5 22.9 22.5 0.3 24.61C 41.2 18.3 26.3 99.7 28.3 67.9 0.281 0.265 -99.000 -99.000 -99.000 21.3 20.7 -9999.0 -9999.0 -9999.0
23907 2015-04-14 2.423 -98.08 30.62 21.6 11.0 16.3 16.0 0.0 21.82C 39.3 14.9 22.5 96.1 48.9 72.8 0.270 0.259 -99.000 -99.000 -99.000 19.9 19.9 -9999.0 -9999.0 -9999.0
23907 2015-04-15 2.423 -98.08 30.62 27.4 10.7 19.0 18.9 0.0 24.17C 42.5 12.3 24.7 92.6 42.0 67.2 0.260 0.251 -99.000 -99.000 -99.000 19.8 19.5 -9999.0 -9999.0 -9999.0
23907 2015-04-16 2.423 -98.08 30.62 24.4 17.9 21.1 20.6 0.0 11.78C 31.8 19.1 23.4 96.7 64.0 84.7 0.254 0.252 -99.000 -99.000 -99.000 20.9 20.5 -9999.0 -9999.0 -9999.0
23907 2015-04-17 2.423 -98.08 30.62 21.0 16.5 18.8 18.6 9.2 3.20C 24.7 16.7 20.2 99.2 78.1 89.6 0.279 0.267 -99.000 -99.000 -99.000 20.1 20.0 -9999.0 -9999.0 -9999.0
23907 2015-04-18 2.423 -98.08 30.62 24.9 12.7 18.8 18.2 14.4 13.11C 33.9 14.7 20.9 98.7 60.9 87.0 0.396 0.352 -99.000 -99.000 -99.000 19.7 19.6 -9999.0 -9999.0 -9999.0
23907 2015-04-19 2.423 -98.08 30.62 28.6 12.5 20.6 21.0 0.0 26.42C 37.6 14.3 23.7 99.7 21.3 61.7 0.433 0.393 -99.000 -99.000 -99.000 19.9 19.7 -9999.0 -9999.0 -9999.0
23907 2015-04-20 2.423 -98.08 30.62 21.6 9.4 15.5 15.8 0.0 22.28C 32.5 10.8 20.1 68.7 30.5 50.1 0.396 0.353 -99.000 -99.000 -99.000 18.5 18.8 -9999.0 -9999.0 -9999.0
23907 2015-04-21 2.423 -98.08 30.62 26.0 11.6 18.8 19.0 0.0 23.06C 37.8 12.2 23.1 86.2 41.9 58.5 0.374 0.335 -99.000 -99.000 -99.000 18.8 18.7 -9999.0 -9999.0 -9999.0
23907 2015-04-22 2.423 -98.08 30.62 25.3 17.6 21.4 20.8 0.0 12.08C 35.5 18.6 24.3 95.5 64.6 83.9 0.361 0.329 -99.000 -99.000 -99.000 20.7 20.2 -9999.0 -9999.0 -9999.0
23907 2015-04-23 2.423 -98.08 30.62 29.7 19.4 24.6 22.6 0.2 13.51C 37.6 20.6 25.5 99.9 55.6 84.3 0.350 0.324 -99.000 -99.000 -99.000 21.8 21.1 -9999.0 -9999.0 -9999.0
23907 2015-04-24 2.423 -98.08 30.62 26.6 19.8 23.2 23.1 10.4 9.70C 30.7 20.6 24.4 99.5 74.7 89.2 0.415 0.380 -99.000 -99.000 -99.000 22.2 21.7 -9999.0 -9999.0 -9999.0
23907 2015-04-25 2.423 -98.08 30.62 30.8 20.5 25.7 25.2 0.0 27.38C 39.9 20.0 27.5 99.7 19.6 57.8 0.414 0.373 -99.000 -99.000 -99.000 22.5 22.0 -9999.0 -9999.0 -9999.0
23907 2015-04-26 2.423 -98.08 30.62 29.7 20.0 24.9 23.8 0.9 21.27C 40.6 20.0 27.7 97.8 39.7 77.6 0.384 0.351 -99.000 -99.000 -99.000 22.9 22.3 -9999.0 -9999.0 -9999.0
23907 2015-04-27 2.423 -98.08 30.62 26.7 15.4 21.0 20.1 14.1 25.75C 37.9 17.1 25.1 98.8 38.4 73.0 0.463 0.417 -99.000 -99.000 -99.000 21.9 21.8 -9999.0 -9999.0 -9999.0
23907 2015-04-28 2.423 -98.08 30.62 15.7 9.1 12.4 12.8 0.2 5.58C 19.2 10.5 16.3 97.5 72.4 84.6 0.420 0.371 -99.000 -99.000 -99.000 18.9 19.8 -9999.0 -9999.0 -9999.0
23907 2015-04-29 2.423 -98.08 30.62 22.8 8.0 15.4 15.7 0.0 28.85C 35.2 8.7 19.9 93.7 31.1 58.5 0.397 0.347 -99.000 -99.000 -99.000 18.1 18.5 -9999.0 -9999.0 -9999.0
23907 2015-04-30 2.423 -98.08 30.62 26.3 12.4 19.3 19.4 0.0 28.72C 40.4 11.3 23.5 66.4 28.8 46.5 0.370 0.329 -99.000 -99.000 -99.000 18.8 18.8 -9999.0 -9999.0 -9999.0
23907 2015-05-01 2.423 -98.08 30.62 27.5 14.9 21.2 20.6 0.0 27.64C 44.9 14.0 25.8 64.8 30.9 49.6 0.344 0.312 -99.000 -99.000 -99.000 19.8 19.6 -9999.0 -9999.0 -9999.0
23907 2015-05-02 2.423 -98.08 30.62 27.4 14.6 21.0 20.6 0.0 28.07C 43.1 15.0 26.4 74.6 33.5 54.2 0.317 0.293 -99.000 -99.000 -99.000 20.5 20.2 -9999.0 -9999.0 -9999.0
23907 2015-05-03 2.423 -98.08 30.62 27.4 14.3 20.8 20.8 0.0 24.91C 41.5 15.7 26.1 90.8 36.3 66.4 0.296 0.278 -99.000 -99.000 -99.000 21.0 20.6 -9999.0 -9999.0 -9999.0
23907 2015-05-04 2.423 -98.08 30.62 27.8 18.1 22.9 22.0 0.0 18.83C 42.9 20.1 27.1 95.1 45.3 71.8 0.278 0.268 -99.000 -99.000 -99.000 22.1 21.6 -9999.0 -9999.0 -9999.0
23907 2015-05-05 2.423 -98.08 30.62 26.9 18.3 22.6 20.8 3.0 12.75C 38.6 19.8 24.3 99.1 52.3 82.3 0.263 0.261 -99.000 -99.000 -99.000 21.9 21.6 -9999.0 -9999.0 -9999.0
23907 2015-05-06 2.423 -98.08 30.62 28.9 19.9 24.4 23.1 0.0 16.44C 36.2 20.6 25.5 98.5 54.9 81.5 0.259 0.261 -99.000 -99.000 -99.000 22.6 22.1 -9999.0 -9999.0 -9999.0
23907 2015-05-07 2.423 -98.08 30.62 27.3 20.8 24.1 23.2 0.0 13.13C 34.8 21.5 26.0 94.2 67.3 85.3 0.254 0.262 -99.000 -99.000 -99.000 23.1 22.5 -9999.0 -9999.0 -9999.0
23907 2015-05-08 2.423 -98.08 30.62 26.3 19.9 23.1 22.6 16.9 6.98C 31.5 20.8 24.0 97.7 76.9 92.5 0.329 0.329 -99.000 -99.000 -99.000 23.0 22.6 -9999.0 -9999.0 -9999.0
23907 2015-05-09 2.423 -98.08 30.62 28.4 20.8 24.6 23.9 0.4 12.92C 34.0 20.6 25.2 99.0 65.2 84.0 0.422 0.411 -99.000 -99.000 -99.000 23.0 22.6 -9999.0 -9999.0 -9999.0
23907 2015-05-10 2.423 -98.08 30.62 28.3 22.8 25.6 24.5 0.5 11.48C 34.3 22.7 25.7 91.2 59.0 79.9 0.402 0.394 -99.000 -99.000 -99.000 23.4 22.9 -9999.0 -9999.0 -9999.0
23907 2015-05-11 2.423 -98.08 30.62 23.4 17.4 20.4 19.7 23.7 7.79C 27.2 18.7 21.9 99.1 84.3 91.8 0.488 0.470 -99.000 -99.000 -99.000 22.1 22.1 -9999.0 -9999.0 -9999.0
23907 2015-05-12 2.423 -98.08 30.62 18.2 15.3 16.7 16.8 3.2 5.51C 22.3 17.0 18.8 99.6 86.3 96.7 0.466 0.446 -99.000 -99.000 -99.000 20.5 20.8 -9999.0 -9999.0 -9999.0
23907 2015-05-13 2.423 -98.08 30.62 19.1 16.7 17.9 17.8 30.1 2.32C 20.0 16.9 18.5 99.9 92.4 98.0 0.543 0.478 -99.000 -99.000 -99.000 19.9 20.1 -9999.0 -9999.0 -9999.0
23907 2015-05-14 2.423 -98.08 30.62 28.4 18.8 23.6 22.7 2.2 15.35C 34.8 18.5 24.4 99.4 62.5 87.5 0.540 0.467 -99.000 -99.000 -99.000 21.4 21.0 -9999.0 -9999.0 -9999.0
23907 2015-05-15 2.423 -98.08 30.62 24.3 18.5 21.4 20.5 13.2 11.73C 30.5 19.5 22.4 99.4 67.2 89.6 0.565 0.485 -99.000 -99.000 -99.000 21.6 21.4 -9999.0 -9999.0 -9999.0
23907 2015-05-16 2.423 -98.08 30.62 29.0 18.3 23.6 23.2 0.0 13.41C 34.2 19.9 24.8 98.8 62.4 84.7 0.516 0.453 -99.000 -99.000 -99.000 22.1 21.6 -9999.0 -9999.0 -9999.0
23907 2015-05-17 2.423 -98.08 30.62 28.1 18.1 23.1 22.4 24.4 14.86C 37.0 19.0 24.8 99.4 63.2 84.7 0.576 0.493 -99.000 -99.000 -99.000 22.3 21.9 -9999.0 -9999.0 -9999.0
23907 2015-05-18 2.423 -98.08 30.62 31.1 21.2 26.1 24.9 0.0 15.99C 40.3 21.6 27.6 99.4 58.1 82.9 0.512 0.456 -99.000 -99.000 -99.000 23.6 22.9 -9999.0 -9999.0 -9999.0
23907 2015-05-19 2.423 -98.08 30.62 29.2 21.7 25.4 24.4 1.4 16.28C 36.9 22.4 26.8 98.3 61.4 83.4 0.481 0.442 -99.000 -99.000 -99.000 23.9 23.4 -9999.0 -9999.0 -9999.0
23907 2015-05-20 2.423 -98.08 30.62 30.6 19.9 25.2 24.7 35.3 17.95C 40.2 20.8 28.0 98.0 48.1 78.5 0.463 0.432 -99.000 -99.000 -99.000 24.2 23.6 -9999.0 -9999.0 -9999.0
23907 2015-05-21 2.423 -98.08 30.62 19.9 15.1 17.5 17.0 63.4 10.83C 26.2 17.9 20.9 99.4 79.0 91.4 0.583 0.574 -99.000 -99.000 -99.000 21.5 21.8 -9999.0 -9999.0 -9999.0
23907 2015-05-22 2.423 -98.08 30.62 22.4 15.1 18.8 19.1 0.5 4.72C 23.9 17.4 20.5 100.0 91.6 97.7 0.515 0.532 -99.000 -99.000 -99.000 21.0 21.1 -9999.0 -9999.0 -9999.0
23907 2015-05-23 2.423 -98.08 30.62 26.8 17.9 22.3 21.7 94.8 6.11C 30.3 18.8 22.5 99.6 70.3 94.5 0.570 0.573 -99.000 -99.000 -99.000 21.9 21.7 -9999.0 -9999.0 -9999.0
23907 2015-05-24 2.423 -98.08 30.62 26.7 17.1 21.9 21.0 8.5 18.22C 34.2 18.2 23.8 99.7 63.4 87.2 0.589 0.587 -99.000 -99.000 -99.000 21.7 21.4 -9999.0 -9999.0 -9999.0
23907 2015-05-25 2.423 -98.08 30.62 22.7 18.0 20.3 20.4 53.4 0.81C 23.2 18.0 20.9 99.8 89.3 95.8 0.570 0.577 -99.000 -99.000 -99.000 21.5 21.5 -9999.0 -9999.0 -9999.0
23907 2015-05-26 2.423 -98.08 30.62 30.2 17.0 23.6 23.0 0.0 17.56C 36.8 17.5 25.0 100.0 59.0 86.9 0.554 0.572 -99.000 -99.000 -99.000 22.1 21.6 -9999.0 -9999.0 -9999.0
23907 2015-05-27 2.423 -98.08 30.62 27.5 18.7 23.1 23.1 5.0 14.03C 36.9 20.0 25.4 98.8 69.0 88.5 0.552 0.575 -99.000 -99.000 -99.000 23.0 22.6 -9999.0 -9999.0 -9999.0
23907 2015-05-28 2.423 -98.08 30.62 28.8 16.9 22.9 24.4 26.3 16.81C 36.7 18.4 26.8 98.7 66.6 84.0 0.514 0.546 -99.000 -99.000 -99.000 23.6 23.1 -9999.0 -9999.0 -9999.0
23907 2015-05-29 2.423 -98.08 30.62 30.9 16.5 23.7 22.9 10.4 28.12C 40.8 17.9 27.5 99.5 46.4 75.6 0.580 0.590 -99.000 -99.000 -99.000 22.9 22.5 -9999.0 -9999.0 -9999.0
23907 2015-05-30 2.423 -98.08 30.62 28.9 19.5 24.2 23.1 0.0 18.87C 39.7 21.0 26.9 96.8 49.1 74.9 0.497 0.533 -99.000 -99.000 -99.000 23.6 23.2 -9999.0 -9999.0 -9999.0
23907 2015-05-31 2.423 -98.08 30.62 28.2 17.6 22.9 22.5 0.0 25.99C 40.4 18.3 27.2 97.5 46.5 71.9 0.460 0.502 -99.000 -99.000 -99.000 23.3 23.0 -9999.0 -9999.0 -9999.0
23907 2015-06-01 2.423 -98.08 30.62 30.1 18.3 24.2 23.8 0.0 25.23C 44.7 19.0 29.0 92.5 43.2 68.9 0.430 0.475 -99.000 -99.000 -99.000 23.5 23.1 -9999.0 -9999.0 -9999.0
23907 2015-06-02 2.423 -98.08 30.62 30.3 19.5 24.9 24.7 0.0 22.87C 44.4 20.3 29.5 93.6 45.2 67.2 0.400 0.450 -99.000 -99.000 -99.000 24.0 23.6 -9999.0 -9999.0 -9999.0
23907 2015-06-03 2.423 -98.08 30.62 30.4 19.5 24.9 24.7 0.0 28.07C 46.0 20.4 30.8 93.2 45.3 66.7 0.370 0.423 -99.000 -99.000 -99.000 24.4 24.0 -9999.0 -9999.0 -9999.0
23907 2015-06-04 2.423 -98.08 30.62 30.9 19.3 25.1 24.8 0.0 28.19C 48.2 20.7 31.8 95.6 42.5 67.3 0.332 0.394 -99.000 -99.000 -99.000 24.9 24.5 -9999.0 -9999.0 -9999.0
23907 2015-06-05 2.423 -98.08 30.62 30.8 20.0 25.4 25.1 0.0 25.90C 48.0 21.3 32.0 97.8 41.0 69.4 0.295 0.370 -99.000 -99.000 -99.000 25.2 24.8 -9999.0 -9999.0 -9999.0
23907 2015-06-06 2.423 -98.08 30.62 31.7 20.6 26.1 25.7 0.0 25.84C 48.8 22.4 32.4 93.2 42.5 66.2 0.265 0.348 -99.000 -99.000 -99.000 25.5 25.0 -9999.0 -9999.0 -9999.0
23907 2015-06-07 2.423 -98.08 30.62 31.7 20.2 26.0 25.7 0.0 29.13C 49.0 21.7 33.2 91.8 37.7 63.4 0.240 0.324 -99.000 -99.000 -99.000 25.7 25.2 -9999.0 -9999.0 -9999.0
23907 2015-06-08 2.423 -98.08 30.62 33.4 0.0 16.7 26.3 0.0 29.44C 51.2 22.5 34.6 95.8 0.4 62.4 0.220 0.304 -99.000 -99.000 -99.000 26.5 25.8 -9999.0 -9999.0 -9999.0
23907 2015-06-09 2.423 -98.08 30.62 33.5 0.0 16.7 13.5 0.0 11.66C 51.6 21.0 32.3 32.9 0.4 11.3 0.204 0.286 -99.000 -99.000 -99.000 27.0 26.2 -9999.0 -9999.0 -9999.0
23907 2015-06-10 2.423 -98.08 30.62 33.2 21.5 27.4 27.4 0.0 27.89C 51.1 23.7 34.8 22.1 16.5 19.1 0.191 0.270 -99.000 -99.000 -99.000 27.3 26.6 -9999.0 -9999.0 -9999.0
23907 2015-06-11 2.423 -98.08 30.62 32.4 21.5 27.0 26.7 0.0 24.82C 50.2 23.4 33.3 20.9 17.7 19.3 0.182 0.259 -99.000 -99.000 -99.000 27.6 26.8 -9999.0 -9999.0 -9999.0
23907 2015-06-12 2.423 -98.08 30.62 33.6 23.3 28.4 27.3 0.0 25.92C 50.2 24.9 34.3 20.8 17.2 19.3 0.176 0.249 -99.000 -99.000 -99.000 28.1 27.3 -9999.0 -9999.0 -9999.0
23907 2015-06-13 2.423 -98.08 30.62 33.1 0.0 16.5 18.1 0.0 25.14C 59.7 25.3 37.5 -9999.0 -9999.0 -9999.0 0.171 0.242 -99.000 -99.000 -99.000 28.5 27.7 -9999.0 -9999.0 -9999.0
23907 2015-06-14 2.423 -98.08 30.62 28.2 20.5 24.4 23.2 15.2 12.32C 38.8 23.3 27.3 -9999.0 -9999.0 -9999.0 0.274 0.328 -99.000 -99.000 -99.000 26.7 26.7 -9999.0 -9999.0 -9999.0
23907 2015-06-15 2.423 -98.08 30.62 29.4 0.0 14.7 19.6 3.3 24.16C 74.8 23.4 37.5 -9999.0 -9999.0 -9999.0 0.328 0.365 -99.000 -99.000 -99.000 26.5 26.3 -9999.0 -9999.0 -9999.0
23907 2015-06-16 2.423 -98.08 30.62 26.9 21.5 24.2 23.3 3.8 10.49C 33.1 22.5 25.8 -9999.0 -9999.0 -9999.0 0.356 0.393 -99.000 -99.000 -99.000 25.8 25.8 -9999.0 -9999.0 -9999.0
23907 2015-06-17 2.423 -98.08 30.62 31.3 0.0 15.6 20.0 1.5 21.07C 76.9 21.7 32.8 -9999.0 -9999.0 -9999.0 0.378 0.407 -99.000 -99.000 -99.000 25.8 25.6 -9999.0 -9999.0 -9999.0
23907 2015-06-18 2.423 -98.08 30.62 32.2 0.0 16.1 23.5 -9999.0 19.86C 62.4 22.7 31.3 -9999.0 -9999.0 -9999.0 0.352 0.379 -99.000 -99.000 -99.000 26.4 26.1 -9999.0 -9999.0 -9999.0
23907 2015-06-19 2.423 -98.08 30.62 28.8 21.7 25.2 25.0 0.0 14.79C 37.9 23.5 28.6 32.2 5.5 14.3 0.323 0.350 -99.000 -99.000 -99.000 26.1 25.9 -9999.0 -9999.0 -9999.0
23907 2015-06-20 2.423 -98.08 30.62 25.8 20.8 23.3 23.1 3.8 6.61C 29.1 22.2 25.1 -9999.0 -9999.0 -9999.0 0.314 0.336 -99.000 -99.000 -99.000 25.4 25.5 -9999.0 -9999.0 -9999.0
23907 2015-06-21 2.423 -98.08 30.62 28.4 20.4 24.4 23.7 7.5 13.91C 33.8 22.7 26.1 -9999.0 -9999.0 -9999.0 0.357 0.358 -99.000 -99.000 -99.000 25.2 25.1 -9999.0 -9999.0 -9999.0
23907 2015-06-22 2.423 -98.08 30.62 30.7 21.2 25.9 25.4 0.0 19.64C 42.2 23.1 29.0 -9999.0 -9999.0 -9999.0 0.393 0.423 -99.000 -99.000 -99.000 25.8 25.5 -9999.0 -9999.0 -9999.0
23907 2015-06-23 2.423 -98.08 30.62 32.5 22.3 27.4 26.5 0.0 26.83C 44.6 22.9 31.9 -9999.0 -9999.0 -9999.0 0.358 0.386 -99.000 -99.000 -99.000 26.6 26.1 -9999.0 -9999.0 -9999.0
23907 2015-06-24 2.423 -98.08 30.62 31.9 21.4 26.7 26.1 0.0 23.86C 45.8 22.9 31.9 -9999.0 -9999.0 -9999.0 0.318 0.342 -99.000 -99.000 -99.000 26.8 26.4 -9999.0 -9999.0 -9999.0
23907 2015-06-25 2.423 -98.08 30.62 32.7 22.0 27.3 26.9 0.0 27.59C 49.4 23.6 33.5 68.6 6.8 30.7 0.282 0.304 -99.000 -99.000 -99.000 27.2 26.7 -9999.0 -9999.0 -9999.0
23907 2015-06-26 2.423 -98.08 30.62 33.1 22.7 27.9 27.5 0.0 24.73C 48.7 24.7 33.9 64.8 2.1 27.9 0.250 0.278 -99.000 -99.000 -99.000 27.6 27.1 -9999.0 -9999.0 -9999.0
23907 2015-06-27 2.423 -98.08 30.62 32.9 22.2 27.5 26.4 0.0 21.49C 49.8 26.0 33.4 36.3 0.8 16.9 0.226 0.263 -99.000 -99.000 -99.000 27.7 27.3 -9999.0 -9999.0 -9999.0
23907 2015-06-28 2.423 -98.08 30.62 31.4 21.5 26.4 24.4 7.3 13.99C 47.3 24.1 29.2 -9999.0 -9999.0 -9999.0 0.243 0.253 -99.000 -99.000 -99.000 26.7 26.6 -9999.0 -9999.0 -9999.0
23907 2015-06-29 2.423 -98.08 30.62 32.1 22.1 27.1 26.8 0.0 24.48C 42.3 23.0 31.2 -9999.0 -9999.0 -9999.0 0.269 0.253 -99.000 -99.000 -99.000 27.0 26.6 -9999.0 -9999.0 -9999.0
23907 2015-06-30 2.423 -98.08 30.62 33.4 22.0 27.7 25.6 22.5 23.09C 47.2 23.8 31.0 -9999.0 -9999.0 -9999.0 0.313 0.331 -99.000 -99.000 -99.000 27.2 26.9 -9999.0 -9999.0 -9999.0
23907 2015-07-01 2.423 -98.08 30.62 31.3 20.6 26.0 24.6 0.0 23.28C 41.8 21.7 28.8 97.0 18.0 56.9 0.421 0.465 -99.000 -99.000 -99.000 26.4 26.3 -9999.0 -9999.0 -9999.0
23907 2015-07-02 2.423 -98.08 30.62 30.9 19.8 25.3 24.9 0.0 23.25C 42.1 20.9 29.1 95.0 14.3 48.6 0.385 0.425 -99.000 -99.000 -99.000 26.1 25.9 -9999.0 -9999.0 -9999.0
23907 2015-07-03 2.423 -98.08 30.62 31.6 22.6 27.1 26.5 0.0 22.39C 43.9 23.3 31.0 -9999.0 -9999.0 -9999.0 0.353 0.394 -99.000 -99.000 -99.000 26.6 26.3 -9999.0 -9999.0 -9999.0
23907 2015-07-04 2.423 -98.08 30.62 32.3 22.1 27.2 26.7 0.0 24.43C 46.4 23.5 32.3 -9999.0 -9999.0 -9999.0 0.320 0.359 -99.000 -99.000 -99.000 27.1 26.6 -9999.0 -9999.0 -9999.0
23907 2015-07-05 2.423 -98.08 30.62 32.3 23.2 27.7 26.8 0.0 22.93C 47.2 24.8 32.5 65.4 18.5 45.8 0.286 0.326 -99.000 -99.000 -99.000 27.3 26.9 -9999.0 -9999.0 -9999.0
23907 2015-07-06 2.423 -98.08 30.62 31.6 23.2 27.4 26.9 0.0 25.48C 46.1 24.2 32.6 75.6 14.5 43.9 0.257 0.299 -99.000 -99.000 -99.000 27.2 27.0 -9999.0 -9999.0 -9999.0
23907 2015-07-07 2.423 -98.08 30.62 30.9 23.9 27.4 26.7 0.0 15.95C 41.6 25.2 30.8 77.6 18.6 51.0 0.236 0.283 -99.000 -99.000 -99.000 27.1 26.9 -9999.0 -9999.0 -9999.0
23907 2015-07-08 2.423 -98.08 30.62 30.7 24.2 27.5 26.7 0.0 19.74C 43.0 25.3 31.3 74.1 14.3 45.9 0.221 0.272 -99.000 -99.000 -99.000 27.1 26.8 -9999.0 -9999.0 -9999.0
23907 2015-07-09 2.423 -98.08 30.62 32.9 22.9 27.9 27.2 0.0 27.10C 48.6 23.6 33.2 -9999.0 -9999.0 -9999.0 0.206 0.261 -99.000 -99.000 -99.000 27.5 27.1 -9999.0 -9999.0 -9999.0
23907 2015-07-10 2.423 -98.08 30.62 33.0 21.7 27.3 26.8 0.0 24.22C 48.0 23.3 32.8 -9999.0 -9999.0 -9999.0 0.192 0.251 -99.000 -99.000 -99.000 27.7 27.2 -9999.0 -9999.0 -9999.0
23907 2015-07-11 2.423 -98.08 30.62 33.2 21.9 27.5 27.0 0.0 28.55C 50.3 23.3 34.2 -9999.0 -9999.0 -9999.0 0.183 0.244 -99.000 -99.000 -99.000 28.1 27.6 -9999.0 -9999.0 -9999.0
23907 2015-07-12 2.423 -98.08 30.62 34.1 21.7 27.9 27.8 0.0 26.94C 50.9 23.8 34.8 -9999.0 -9999.0 -9999.0 0.175 0.238 -99.000 -99.000 -99.000 28.6 27.9 -9999.0 -9999.0 -9999.0
23907 2015-07-13 2.423 -98.08 30.62 35.5 22.6 29.1 28.8 0.0 28.29C 52.5 24.8 36.0 -9999.0 -9999.0 -9999.0 0.169 0.233 -99.000 -99.000 -99.000 29.3 28.5 -9999.0 -9999.0 -9999.0
23907 2015-07-14 2.423 -98.08 30.62 36.0 21.8 28.9 28.3 0.0 28.69C 52.3 24.1 35.6 -9999.0 -9999.0 -9999.0 0.163 0.228 -99.000 -99.000 -99.000 29.4 28.7 -9999.0 -9999.0 -9999.0
23907 2015-07-15 2.423 -98.08 30.62 34.5 22.0 28.3 27.7 0.0 28.70C 52.1 24.3 35.4 90.3 11.4 49.1 0.157 0.223 -99.000 -99.000 -99.000 29.5 28.8 -9999.0 -9999.0 -9999.0